Namespace(model='DecisionTree', alpha=1.0, max_depth=5, min_samples_split=2, min_samples_leaf=1, target_dim=20, start_year=1999, end_year=2001, seed=42, epoch=400, test_size=0.2, iter=16384, time=time.struct_time(tm_year=2025, tm_mon=3, tm_mday=23, tm_hour=15, tm_min=22, tm_sec=7, tm_wday=6, tm_yday=82, tm_isdst=0), output_dir='../Result/DecisionTree_1999_2001_0323-152207/', log=<_io.TextIOWrapper name='../Result/DecisionTree_1999_2001_0323-152207/log.txt' mode='w' encoding='UTF-8'>)
NMF Non-zero rate = 0.269148%; NMF Error = 4.100430/12.165551.
[9.66472806e-01 2.21137198e-03 7.99239678e-04 0.00000000e+00
 2.78932187e-03 0.00000000e+00 0.00000000e+00 0.00000000e+00
 0.00000000e+00 1.66398438e-03 0.00000000e+00 0.00000000e+00
 2.60864799e-03 3.09955787e-03 1.30742288e-03 1.52965501e-02
 1.27726951e-03 0.00000000e+00 2.47382778e-03 0.00000000e+00
 0.00000000e+00]
[9.55077218e-01 5.64760716e-03 6.30566903e-04 2.62542725e-03
 3.45067343e-03 0.00000000e+00 0.00000000e+00 0.00000000e+00
 0.00000000e+00 3.40293266e-03 0.00000000e+00 0.00000000e+00
 1.40920723e-03 4.39100491e-03 1.30069057e-03 1.75427095e-02
 0.00000000e+00 2.48106250e-03 2.04089977e-03 0.00000000e+00
 0.00000000e+00]
[9.58473932e-01 3.08531890e-03 0.00000000e+00 4.58671440e-03
 0.00000000e+00 0.00000000e+00 1.92106979e-03 0.00000000e+00
 2.84691882e-03 0.00000000e+00 2.97432390e-03 0.00000000e+00
 1.23664985e-03 1.35615203e-03 3.07591929e-03 1.96853744e-02
 7.57626990e-04 0.00000000e+00 0.00000000e+00 0.00000000e+00
 0.00000000e+00]
[9.58947986e-01 6.57289328e-03 1.24069129e-03 0.00000000e+00
 2.61990697e-03 0.00000000e+00 0.00000000e+00 0.00000000e+00
 1.10717551e-03 1.09498022e-03 0.00000000e+00 0.00000000e+00
 3.21369680e-03 1.60087053e-03 6.45280159e-04 1.73203383e-02
 3.09148916e-03 0.00000000e+00 0.00000000e+00 2.54469158e-03
 0.00000000e+00]
[9.64782842e-01 5.31474695e-04 0.00000000e+00 1.60074784e-03
 2.98425716e-03 0.00000000e+00 0.00000000e+00 1.95193600e-03
 2.93562857e-03 1.06413848e-03 0.00000000e+00 0.00000000e+00
 0.00000000e+00 4.06612098e-03 0.00000000e+00 1.70847779e-02
 6.99273555e-04 2.29880302e-03 0.00000000e+00 0.00000000e+00
 0.00000000e+00]
[0.95386152 0.0024397  0.         0.         0.00305935 0.
 0.         0.         0.00224073 0.         0.0014138  0.
 0.00274819 0.00142193 0.00192784 0.01970449 0.00369277 0.00433371
 0.         0.00315599 0.        ]
[0.95849066 0.00930224 0.00195875 0.00115357 0.00213393 0.
 0.         0.         0.         0.         0.         0.
 0.         0.00170399 0.00199267 0.01520577 0.         0.00234477
 0.00444125 0.0012724  0.        ]
[0.96367099 0.00167551 0.         0.00154867 0.00326216 0.
 0.         0.00179873 0.00124356 0.001713   0.         0.
 0.0029702  0.00110394 0.         0.01622087 0.         0.
 0.00282523 0.00196715 0.        ]
[9.59080926e-01 8.19890327e-03 0.00000000e+00 0.00000000e+00
 1.67118067e-03 0.00000000e+00 5.66407056e-04 0.00000000e+00
 4.01817131e-03 1.52825726e-03 0.00000000e+00 2.42905894e-03
 5.62080437e-03 0.00000000e+00 1.57711285e-03 1.22147363e-02
 0.00000000e+00 0.00000000e+00 0.00000000e+00 3.09444166e-03
 0.00000000e+00]
[9.60450353e-01 6.91623974e-03 0.00000000e+00 3.23043534e-03
 0.00000000e+00 0.00000000e+00 0.00000000e+00 1.45515986e-03
 2.34589672e-03 0.00000000e+00 0.00000000e+00 0.00000000e+00
 3.17567911e-03 0.00000000e+00 0.00000000e+00 1.78086127e-02
 0.00000000e+00 6.59312666e-04 2.95413405e-03 1.00417666e-03
 0.00000000e+00]
[0.95812781 0.003132   0.00145148 0.         0.00226088 0.
 0.         0.         0.00288037 0.         0.         0.
 0.00201262 0.00458036 0.00309246 0.01855501 0.         0.00199322
 0.         0.00191378 0.        ]
[9.60631937e-01 4.46158169e-03 1.41770282e-03 0.00000000e+00
 1.88344752e-03 0.00000000e+00 8.87951773e-04 0.00000000e+00
 2.94292807e-03 0.00000000e+00 0.00000000e+00 1.48011460e-03
 2.67552450e-03 1.57036624e-03 2.89095615e-03 1.56894609e-02
 2.23178547e-03 0.00000000e+00 1.23624297e-03 0.00000000e+00
 0.00000000e+00]
[9.60867765e-01 8.90397807e-04 0.00000000e+00 1.75186898e-03
 2.33999347e-03 0.00000000e+00 1.37101201e-03 5.08926769e-03
 0.00000000e+00 0.00000000e+00 0.00000000e+00 0.00000000e+00
 3.28281016e-03 0.00000000e+00 0.00000000e+00 1.73900106e-02
 3.19283046e-03 1.68334874e-03 0.00000000e+00 2.14069491e-03
 0.00000000e+00]
[9.62813986e-01 4.96483412e-03 0.00000000e+00 7.82322725e-04
 3.56579867e-03 0.00000000e+00 0.00000000e+00 0.00000000e+00
 3.22784713e-03 1.43114847e-03 0.00000000e+00 3.05991016e-03
 2.65369253e-03 4.03398305e-04 4.62190113e-03 1.00761289e-02
 0.00000000e+00 2.39903206e-03 0.00000000e+00 0.00000000e+00
 0.00000000e+00]
[9.63890062e-01 5.80003552e-04 0.00000000e+00 2.84683608e-03
 0.00000000e+00 8.42229933e-04 0.00000000e+00 0.00000000e+00
 0.00000000e+00 2.59308610e-03 0.00000000e+00 5.97457148e-04
 1.86802840e-03 3.79798753e-03 0.00000000e+00 1.66039444e-02
 0.00000000e+00 2.62895636e-03 3.75140839e-03 0.00000000e+00
 0.00000000e+00]
[9.60220042e-01 1.62233567e-03 0.00000000e+00 0.00000000e+00
 3.16506122e-03 0.00000000e+00 1.08745335e-03 0.00000000e+00
 2.96834328e-03 0.00000000e+00 0.00000000e+00 1.94928470e-03
 0.00000000e+00 2.62603281e-03 4.13828277e-03 1.84106623e-02
 5.33473621e-04 2.15836973e-03 0.00000000e+00 1.12065830e-03
 0.00000000e+00]
[9.66326123e-01 2.78271863e-03 0.00000000e+00 8.55827623e-04
 2.43393067e-03 0.00000000e+00 0.00000000e+00 0.00000000e+00
 1.04558336e-03 0.00000000e+00 0.00000000e+00 0.00000000e+00
 1.58090759e-03 1.27234287e-03 0.00000000e+00 1.44498383e-02
 2.41984197e-03 2.38979526e-03 3.52406056e-03 9.19029733e-04
 0.00000000e+00]
[9.52458944e-01 4.90045198e-03 0.00000000e+00 0.00000000e+00
 1.46716833e-03 0.00000000e+00 1.30252655e-03 2.01578919e-03
 4.05107752e-03 0.00000000e+00 0.00000000e+00 4.29047142e-03
 0.00000000e+00 1.53253293e-03 7.55246294e-03 1.50105094e-02
 7.25035704e-04 1.88393637e-03 1.63036679e-03 1.17872711e-03
 0.00000000e+00]
[0.95840645 0.01273026 0.         0.         0.00197092 0.
 0.         0.         0.00126938 0.00173055 0.         0.
 0.00123994 0.00124909 0.00346037 0.01436495 0.         0.00357809
 0.         0.         0.        ]
[0.9595972  0.00268493 0.         0.00247993 0.00280359 0.
 0.         0.00182584 0.00129414 0.         0.00143609 0.
 0.00271971 0.00358948 0.         0.01388546 0.         0.00159411
 0.0051256  0.00096393 0.        ]
[0.96128012 0.00259126 0.         0.0032226  0.         0.
 0.         0.         0.         0.         0.0029263  0.
 0.         0.00185431 0.00097166 0.01888599 0.0012015  0.
 0.00462826 0.00243799 0.        ]
[9.61869833e-01 2.66418300e-03 0.00000000e+00 1.17532303e-03
 2.35109183e-03 0.00000000e+00 0.00000000e+00 0.00000000e+00
 9.13655808e-04 1.53526743e-03 0.00000000e+00 1.53511886e-03
 2.03251032e-03 1.29542426e-03 1.43129243e-03 1.80087050e-02
 3.04229399e-03 1.59518377e-03 0.00000000e+00 0.00000000e+00
 5.50117411e-04]
[9.64367342e-01 4.92205206e-03 0.00000000e+00 0.00000000e+00
 2.04358857e-03 0.00000000e+00 8.89635960e-04 0.00000000e+00
 3.16714718e-03 0.00000000e+00 0.00000000e+00 0.00000000e+00
 3.47272133e-03 0.00000000e+00 1.44982732e-03 1.41545169e-02
 2.52119053e-03 0.00000000e+00 0.00000000e+00 1.71324611e-03
 1.29873171e-03]
[0.96666907 0.00872798 0.00310149 0.         0.00160085 0.
 0.         0.00158432 0.         0.         0.         0.
 0.         0.         0.00132753 0.01138911 0.         0.00292194
 0.00267772 0.         0.        ]
[9.67398844e-01 3.36235949e-03 0.00000000e+00 0.00000000e+00
 1.66938888e-03 0.00000000e+00 0.00000000e+00 0.00000000e+00
 2.53202292e-03 1.37106701e-03 0.00000000e+00 0.00000000e+00
 2.74550767e-03 2.51190189e-03 0.00000000e+00 1.55985966e-02
 1.23979204e-03 8.47363421e-04 0.00000000e+00 7.23156540e-04
 0.00000000e+00]
[9.63707405e-01 7.03127549e-03 0.00000000e+00 7.18883317e-04
 0.00000000e+00 0.00000000e+00 0.00000000e+00 0.00000000e+00
 1.27067182e-03 1.30288598e-03 0.00000000e+00 0.00000000e+00
 4.24294989e-03 1.51509963e-03 8.51848113e-04 1.28426698e-02
 0.00000000e+00 1.75486822e-03 3.52245318e-03 1.23898912e-03
 0.00000000e+00]
[9.57152956e-01 4.59315448e-03 0.00000000e+00 1.30631622e-03
 3.25215738e-03 0.00000000e+00 1.97107677e-03 0.00000000e+00
 0.00000000e+00 1.58212370e-03 0.00000000e+00 0.00000000e+00
 2.87752996e-03 3.19439121e-03 0.00000000e+00 1.82979875e-02
 6.27096970e-04 0.00000000e+00 5.14520963e-03 0.00000000e+00
 0.00000000e+00]
[9.61849968e-01 7.07041197e-03 0.00000000e+00 1.07635487e-03
 1.75178732e-03 0.00000000e+00 0.00000000e+00 0.00000000e+00
 3.17862338e-03 9.50217685e-04 0.00000000e+00 0.00000000e+00
 0.00000000e+00 1.98955196e-03 8.68822410e-04 1.49198822e-02
 2.96761455e-03 2.64738380e-03 0.00000000e+00 0.00000000e+00
 7.29382220e-04]
[9.58561598e-01 4.96984552e-03 0.00000000e+00 7.17550855e-04
 3.52206633e-03 0.00000000e+00 0.00000000e+00 1.27014851e-03
 0.00000000e+00 2.44256184e-03 0.00000000e+00 0.00000000e+00
 0.00000000e+00 1.76243273e-03 0.00000000e+00 2.09290083e-02
 1.04979107e-03 1.51945158e-03 2.67170903e-03 5.83836766e-04
 0.00000000e+00]
[9.70972206e-01 1.45654983e-03 0.00000000e+00 0.00000000e+00
 3.03774448e-03 0.00000000e+00 0.00000000e+00 0.00000000e+00
 0.00000000e+00 1.38206209e-03 0.00000000e+00 3.99688883e-04
 0.00000000e+00 2.20998900e-03 1.25794990e-03 1.27717889e-02
 4.30835546e-03 2.20366553e-03 0.00000000e+00 0.00000000e+00
 0.00000000e+00]
[9.58169283e-01 7.12084088e-04 0.00000000e+00 3.26204361e-03
 4.79784722e-03 0.00000000e+00 0.00000000e+00 0.00000000e+00
 0.00000000e+00 0.00000000e+00 0.00000000e+00 4.71178215e-04
 2.71980053e-03 1.97962295e-03 1.06801321e-03 1.74419295e-02
 2.72714660e-03 4.00809352e-03 1.23666723e-03 0.00000000e+00
 1.40629040e-03]
[9.61176730e-01 4.66332764e-03 2.18959482e-03 8.74723998e-04
 0.00000000e+00 0.00000000e+00 0.00000000e+00 0.00000000e+00
 0.00000000e+00 0.00000000e+00 0.00000000e+00 0.00000000e+00
 0.00000000e+00 1.37181961e-03 9.10683448e-04 2.18015857e-02
 2.54025322e-03 3.25375492e-03 1.21752695e-03 0.00000000e+00
 0.00000000e+00]
[9.54093899e-01 1.33136126e-03 0.00000000e+00 3.63668435e-03
 0.00000000e+00 0.00000000e+00 1.25061669e-03 0.00000000e+00
 4.08724600e-03 1.65697740e-03 0.00000000e+00 2.05347267e-03
 2.10109878e-03 3.78352347e-03 0.00000000e+00 2.18491185e-02
 1.86509725e-03 1.62916121e-03 6.61743645e-04 0.00000000e+00
 0.00000000e+00]
[9.56334065e-01 1.35943363e-03 0.00000000e+00 0.00000000e+00
 2.27055058e-03 9.57335488e-04 0.00000000e+00 0.00000000e+00
 3.18339412e-03 1.47439347e-03 0.00000000e+00 3.60627425e-03
 2.14607449e-03 4.02917264e-03 0.00000000e+00 1.91048358e-02
 0.00000000e+00 4.78560131e-03 7.48869618e-04 0.00000000e+00
 0.00000000e+00]
[9.55833780e-01 5.49645411e-03 0.00000000e+00 1.41186435e-03
 2.97943815e-03 0.00000000e+00 0.00000000e+00 1.61828470e-03
 3.79614064e-03 0.00000000e+00 0.00000000e+00 0.00000000e+00
 0.00000000e+00 1.64454557e-03 0.00000000e+00 2.42686781e-02
 6.53104626e-04 0.00000000e+00 0.00000000e+00 2.29770959e-03
 0.00000000e+00]
[0.96584759 0.00209016 0.         0.00431495 0.         0.
 0.         0.         0.         0.         0.00299379 0.
 0.         0.         0.         0.01689225 0.00226001 0.
 0.00397051 0.00163074 0.        ]
[9.59209428e-01 4.18804072e-03 0.00000000e+00 0.00000000e+00
 2.03230987e-03 0.00000000e+00 0.00000000e+00 0.00000000e+00
 4.58069942e-03 1.38050499e-03 0.00000000e+00 1.20536500e-03
 3.44588475e-03 1.84965508e-03 0.00000000e+00 1.83956801e-02
 0.00000000e+00 2.16814773e-03 0.00000000e+00 1.38644084e-03
 1.57843863e-04]
[0.96206097 0.00506758 0.         0.         0.00339423 0.
 0.         0.         0.00248647 0.00097223 0.         0.
 0.00388266 0.00122514 0.00131649 0.01405339 0.         0.00215466
 0.         0.00338616 0.        ]
[9.62781186e-01 0.00000000e+00 0.00000000e+00 1.01683146e-03
 2.61862260e-03 0.00000000e+00 0.00000000e+00 0.00000000e+00
 0.00000000e+00 0.00000000e+00 2.92618344e-03 0.00000000e+00
 1.06540455e-03 2.08078693e-03 0.00000000e+00 1.76051205e-02
 2.96771314e-03 3.16742205e-03 3.29195843e-03 0.00000000e+00
 4.78771103e-04]
[0.96288031 0.00187116 0.         0.00317241 0.00415011 0.
 0.         0.         0.         0.         0.00184097 0.00221035
 0.         0.0017844  0.         0.0220903  0.         0.
 0.         0.         0.        ]
[9.63528575e-01 0.00000000e+00 2.00658338e-03 1.43447221e-03
 4.16795304e-03 0.00000000e+00 0.00000000e+00 0.00000000e+00
 0.00000000e+00 0.00000000e+00 0.00000000e+00 0.00000000e+00
 0.00000000e+00 3.05092871e-03 1.08553386e-03 1.94669549e-02
 0.00000000e+00 0.00000000e+00 4.45551284e-03 8.03485571e-04
 0.00000000e+00]
[0.96051642 0.00503508 0.00195341 0.         0.00162835 0.
 0.         0.         0.00288481 0.00238653 0.         0.00202465
 0.         0.00129463 0.0015797  0.0141341  0.00268393 0.00387839
 0.         0.         0.        ]
[9.66766885e-01 9.41434226e-03 0.00000000e+00 0.00000000e+00
 1.52819957e-03 0.00000000e+00 0.00000000e+00 0.00000000e+00
 3.16502886e-03 8.85291611e-04 0.00000000e+00 0.00000000e+00
 2.70135898e-03 0.00000000e+00 2.27691530e-03 1.15897295e-02
 1.67224867e-03 0.00000000e+00 0.00000000e+00 0.00000000e+00
 0.00000000e+00]
[9.70718956e-01 0.00000000e+00 0.00000000e+00 4.87831963e-03
 0.00000000e+00 5.89407945e-04 0.00000000e+00 0.00000000e+00
 0.00000000e+00 1.48433889e-03 0.00000000e+00 0.00000000e+00
 1.73052526e-03 2.84181960e-03 0.00000000e+00 1.77566329e-02
 0.00000000e+00 0.00000000e+00 0.00000000e+00 0.00000000e+00
 0.00000000e+00]
[9.59633965e-01 3.19991709e-03 0.00000000e+00 0.00000000e+00
 1.52445767e-03 0.00000000e+00 0.00000000e+00 1.35058974e-03
 3.70729280e-03 0.00000000e+00 0.00000000e+00 1.24686832e-03
 2.24617898e-03 3.89980683e-03 0.00000000e+00 1.79714374e-02
 1.30168416e-03 2.14118014e-03 4.58986076e-04 0.00000000e+00
 1.31763553e-03]
[9.57753531e-01 9.77936976e-03 2.43971178e-03 0.00000000e+00
 3.31809921e-03 0.00000000e+00 0.00000000e+00 0.00000000e+00
 0.00000000e+00 0.00000000e+00 0.00000000e+00 0.00000000e+00
 0.00000000e+00 0.00000000e+00 2.88317412e-03 2.04131736e-02
 7.77031959e-04 1.57559521e-03 1.06031318e-03 0.00000000e+00
 0.00000000e+00]
[9.58612230e-01 6.39434038e-03 0.00000000e+00 1.20810061e-03
 1.14156437e-03 0.00000000e+00 1.34433503e-03 0.00000000e+00
 0.00000000e+00 0.00000000e+00 0.00000000e+00 9.05285039e-04
 1.15726877e-03 0.00000000e+00 0.00000000e+00 2.44949826e-02
 3.40896336e-03 0.00000000e+00 6.48184175e-04 6.84745725e-04
 0.00000000e+00]
[9.70470771e-01 7.08366208e-04 2.01885328e-03 0.00000000e+00
 3.20586979e-03 0.00000000e+00 0.00000000e+00 0.00000000e+00
 0.00000000e+00 0.00000000e+00 0.00000000e+00 0.00000000e+00
 1.55476368e-03 1.18048652e-03 0.00000000e+00 1.66009081e-02
 4.25998193e-03 0.00000000e+00 0.00000000e+00 0.00000000e+00
 0.00000000e+00]
[0.9623576  0.00623092 0.         0.         0.00155613 0.
 0.         0.         0.00385824 0.00130956 0.         0.00233388
 0.         0.00199007 0.00166601 0.01661678 0.         0.
 0.         0.00208082 0.        ]
[9.63124988e-01 3.38948172e-03 0.00000000e+00 1.10313808e-03
 1.97576563e-03 0.00000000e+00 0.00000000e+00 0.00000000e+00
 2.77566605e-03 0.00000000e+00 0.00000000e+00 1.86514782e-03
 2.79190974e-03 5.51960185e-03 0.00000000e+00 1.36439671e-02
 7.59314167e-04 3.05101998e-03 0.00000000e+00 0.00000000e+00
 0.00000000e+00]
[0.96254658 0.00557954 0.         0.         0.00114269 0.
 0.00156093 0.00167378 0.         0.         0.         0.00178499
 0.         0.00172735 0.00150679 0.01922143 0.0010165  0.
 0.         0.00223942 0.        ]
[0.95677366 0.00373666 0.         0.00371317 0.00449702 0.
 0.         0.         0.00314439 0.         0.         0.00280024
 0.         0.         0.00169614 0.01743288 0.         0.0050831
 0.         0.00112274 0.        ]
[9.60229787e-01 5.02039086e-03 2.08988157e-03 0.00000000e+00
 0.00000000e+00 0.00000000e+00 9.43054642e-04 0.00000000e+00
 3.30167771e-03 0.00000000e+00 0.00000000e+00 0.00000000e+00
 1.79341641e-03 3.28800908e-03 9.60228333e-04 1.64705034e-02
 1.38537097e-03 2.30372880e-03 6.73188495e-04 1.54076276e-03
 0.00000000e+00]
[9.55888698e-01 1.00272668e-02 2.68415610e-03 0.00000000e+00
 2.00853057e-03 0.00000000e+00 2.00368708e-03 1.27474023e-03
 0.00000000e+00 1.45535220e-03 0.00000000e+00 1.73016206e-03
 1.73575885e-03 1.18805379e-03 0.00000000e+00 1.78511418e-02
 6.55761153e-04 0.00000000e+00 1.49669180e-03 0.00000000e+00
 0.00000000e+00]
[9.54372099e-01 1.13377254e-03 0.00000000e+00 2.65488427e-03
 2.21217508e-03 0.00000000e+00 0.00000000e+00 0.00000000e+00
 1.45154213e-04 0.00000000e+00 0.00000000e+00 0.00000000e+00
 0.00000000e+00 4.67509529e-03 0.00000000e+00 2.40214798e-02
 3.19835220e-03 4.18163664e-03 1.16350590e-03 2.24184526e-03
 0.00000000e+00]
[0.96594876 0.         0.00202028 0.00194015 0.00500746 0.
 0.         0.         0.00458673 0.0011519  0.         0.
 0.         0.00194347 0.         0.01618407 0.00121718 0.
 0.         0.         0.        ]
[9.60476238e-01 7.23475639e-03 2.45619799e-03 3.75239929e-03
 2.64135590e-03 0.00000000e+00 9.65062525e-04 0.00000000e+00
 0.00000000e+00 3.07975376e-03 1.37866052e-03 0.00000000e+00
 0.00000000e+00 0.00000000e+00 0.00000000e+00 1.73705328e-02
 0.00000000e+00 0.00000000e+00 0.00000000e+00 6.45043260e-04
 0.00000000e+00]
[9.58905595e-01 7.96523739e-03 9.05706427e-04 0.00000000e+00
 1.29217520e-03 0.00000000e+00 0.00000000e+00 2.15733060e-04
 0.00000000e+00 1.52598992e-03 0.00000000e+00 1.25066847e-03
 0.00000000e+00 3.93980119e-03 0.00000000e+00 1.72269961e-02
 0.00000000e+00 1.60255829e-03 3.44992524e-03 1.71961408e-03
 0.00000000e+00]
[9.54089233e-01 8.28274959e-03 2.72224647e-03 0.00000000e+00
 0.00000000e+00 0.00000000e+00 0.00000000e+00 0.00000000e+00
 1.21497665e-03 0.00000000e+00 0.00000000e+00 0.00000000e+00
 2.26105336e-03 1.75886249e-03 1.80915543e-04 1.95420356e-02
 6.12081203e-04 3.42912289e-03 2.84603218e-03 3.06069138e-03
 0.00000000e+00]
[9.57900485e-01 1.46557868e-03 0.00000000e+00 0.00000000e+00
 4.07529399e-03 0.00000000e+00 0.00000000e+00 0.00000000e+00
 1.92704213e-03 9.00297917e-04 0.00000000e+00 0.00000000e+00
 0.00000000e+00 4.28372363e-03 5.93351010e-03 1.88710335e-02
 6.54663956e-04 2.43772140e-03 7.93581138e-04 7.57068544e-04
 0.00000000e+00]
[9.61213728e-01 6.86176109e-03 0.00000000e+00 0.00000000e+00
 1.61433161e-03 0.00000000e+00 1.53346124e-03 0.00000000e+00
 4.22136828e-03 0.00000000e+00 0.00000000e+00 1.40458198e-03
 4.71176036e-04 1.64490830e-03 2.68383434e-03 1.60003782e-02
 0.00000000e+00 0.00000000e+00 0.00000000e+00 2.35047113e-03
 0.00000000e+00]
[9.53163472e-01 5.68522632e-03 0.00000000e+00 9.74236523e-04
 1.76922049e-03 0.00000000e+00 0.00000000e+00 0.00000000e+00
 2.60247948e-03 0.00000000e+00 0.00000000e+00 1.71726545e-03
 2.19884041e-03 4.85349238e-03 1.42469609e-03 1.85882733e-02
 1.41292526e-04 3.44602099e-03 0.00000000e+00 3.43548455e-03
 0.00000000e+00]
[9.58123459e-01 1.73643266e-03 0.00000000e+00 2.07584416e-03
 2.52605564e-03 0.00000000e+00 1.74088842e-03 0.00000000e+00
 2.41601823e-03 8.06447202e-04 0.00000000e+00 0.00000000e+00
 2.81853290e-03 1.73243191e-03 1.41282577e-03 2.33270012e-02
 6.69914769e-04 0.00000000e+00 0.00000000e+00 0.00000000e+00
 6.14148152e-04]
[9.60936973e-01 8.56498860e-03 0.00000000e+00 0.00000000e+00
 1.74804637e-03 0.00000000e+00 9.54705300e-04 0.00000000e+00
 0.00000000e+00 1.51142212e-03 0.00000000e+00 1.05138907e-03
 2.07891762e-03 1.33966452e-03 0.00000000e+00 1.46110019e-02
 2.58887031e-03 3.96901615e-03 6.45004622e-04 0.00000000e+00
 0.00000000e+00]
[0.95866512 0.00590361 0.00167672 0.00654363 0.00228416 0.
 0.00099999 0.         0.         0.         0.         0.
 0.00161717 0.         0.         0.01754993 0.0020178  0.
 0.         0.00274187 0.        ]
[0.95859275 0.00146776 0.00159964 0.         0.00314049 0.
 0.00195949 0.00119588 0.00258896 0.         0.         0.00171899
 0.00202688 0.0017135  0.00155745 0.0179302  0.00112912 0.00206326
 0.         0.00131564 0.        ]
[0.96148594 0.00380659 0.         0.         0.00217194 0.
 0.         0.00136451 0.00275074 0.00123826 0.00305421 0.
 0.         0.00161034 0.         0.02057715 0.         0.
 0.         0.00194032 0.        ]
[0.960722   0.0067128  0.00141215 0.         0.         0.00122607
 0.         0.00146608 0.         0.         0.         0.
 0.0039596  0.00164984 0.         0.01448181 0.         0.00230313
 0.00248821 0.00357832 0.        ]
[9.59392630e-01 6.08816633e-03 1.97566626e-03 3.08864258e-03
 2.81276029e-03 0.00000000e+00 0.00000000e+00 0.00000000e+00
 0.00000000e+00 0.00000000e+00 0.00000000e+00 4.77267799e-04
 0.00000000e+00 2.72736396e-03 5.10803674e-04 1.19741044e-02
 1.86217203e-03 3.52407606e-03 5.56634673e-03 0.00000000e+00
 0.00000000e+00]
[9.58367576e-01 5.91120917e-03 0.00000000e+00 2.30014163e-03
 0.00000000e+00 0.00000000e+00 0.00000000e+00 1.38642119e-03
 1.18735256e-03 1.24192818e-03 0.00000000e+00 0.00000000e+00
 2.07791310e-03 0.00000000e+00 0.00000000e+00 1.92206952e-02
 8.21277358e-04 3.11175221e-03 2.98726205e-03 1.38647106e-03
 0.00000000e+00]
[9.61564769e-01 1.76863525e-03 0.00000000e+00 0.00000000e+00
 2.64396859e-03 0.00000000e+00 1.98101429e-03 1.35892747e-03
 2.16749318e-03 0.00000000e+00 0.00000000e+00 1.37856045e-03
 2.65301148e-03 1.93460512e-03 6.35645355e-04 1.67205981e-02
 2.45147114e-03 0.00000000e+00 1.28826293e-03 1.45303811e-03
 0.00000000e+00]
[9.59711280e-01 1.47734373e-03 2.72448212e-03 1.78760586e-03
 3.00588956e-03 1.76149100e-03 0.00000000e+00 0.00000000e+00
 3.22062667e-03 6.01327674e-04 0.00000000e+00 2.13616320e-03
 1.82637972e-03 1.66572250e-03 1.13496813e-03 1.76488779e-02
 6.25116344e-04 0.00000000e+00 6.72725256e-04 0.00000000e+00
 0.00000000e+00]
[0.96639076 0.00732533 0.         0.00129542 0.00209397 0.
 0.         0.         0.00318025 0.         0.         0.
 0.         0.00120418 0.00243049 0.01296203 0.00169739 0.
 0.         0.00142019 0.        ]
[9.50975805e-01 5.16640099e-03 0.00000000e+00 4.06489199e-03
 4.75052246e-03 0.00000000e+00 0.00000000e+00 0.00000000e+00
 0.00000000e+00 3.13868854e-03 0.00000000e+00 0.00000000e+00
 0.00000000e+00 4.66652776e-03 0.00000000e+00 1.98851318e-02
 4.44111870e-04 2.42667024e-03 2.46726733e-03 1.14611668e-03
 8.67865077e-04]
[0.95618024 0.00400109 0.00181881 0.         0.         0.00182737
 0.0013851  0.         0.         0.         0.         0.
 0.00354061 0.00470841 0.         0.01975231 0.         0.00343518
 0.00335087 0.         0.        ]
[9.58200711e-01 4.41910640e-03 0.00000000e+00 1.04619920e-03
 2.20487746e-03 0.00000000e+00 0.00000000e+00 0.00000000e+00
 4.92932493e-03 0.00000000e+00 0.00000000e+00 0.00000000e+00
 2.84570237e-03 0.00000000e+00 4.00229141e-03 1.82674634e-02
 0.00000000e+00 2.39161745e-03 0.00000000e+00 8.44062525e-04
 8.48644113e-04]
[9.60654794e-01 1.99808178e-03 0.00000000e+00 7.13277401e-04
 2.74888192e-03 0.00000000e+00 1.35952032e-03 0.00000000e+00
 0.00000000e+00 0.00000000e+00 0.00000000e+00 1.39861526e-03
 0.00000000e+00 2.03048481e-03 9.98087496e-04 2.04744888e-02
 0.00000000e+00 1.81261939e-03 3.08325260e-03 2.72789617e-03
 0.00000000e+00]
[9.59834152e-01 2.83282354e-04 0.00000000e+00 2.67884369e-03
 3.02403497e-03 0.00000000e+00 1.06201426e-03 0.00000000e+00
 0.00000000e+00 0.00000000e+00 7.45489640e-04 0.00000000e+00
 3.89617249e-03 9.37679831e-04 0.00000000e+00 2.00962063e-02
 3.25193312e-03 0.00000000e+00 2.84390127e-03 8.77664918e-04
 4.68625594e-04]
[9.59756439e-01 3.63569109e-03 0.00000000e+00 0.00000000e+00
 1.67055795e-03 1.55153952e-03 1.68547922e-03 0.00000000e+00
 2.90304599e-03 0.00000000e+00 0.00000000e+00 0.00000000e+00
 0.00000000e+00 1.72651798e-03 0.00000000e+00 2.01714990e-02
 1.77321351e-03 3.33844225e-03 1.03950036e-03 7.48074518e-04
 0.00000000e+00]
[0.96192646 0.0053272  0.         0.         0.00284922 0.
 0.00149837 0.         0.         0.00183472 0.         0.00226938
 0.00238099 0.         0.00127226 0.01269262 0.         0.
 0.00470454 0.00137055 0.00187368]
[9.65495199e-01 6.95569152e-04 0.00000000e+00 0.00000000e+00
 2.47413204e-03 0.00000000e+00 0.00000000e+00 0.00000000e+00
 0.00000000e+00 1.65787805e-03 0.00000000e+00 0.00000000e+00
 3.02688044e-03 1.37702430e-03 0.00000000e+00 2.01943724e-02
 0.00000000e+00 9.26804870e-04 4.15213924e-03 0.00000000e+00
 0.00000000e+00]
[9.60543825e-01 1.09321221e-02 2.05887664e-03 0.00000000e+00
 1.81897662e-03 0.00000000e+00 0.00000000e+00 0.00000000e+00
 0.00000000e+00 6.83745494e-04 0.00000000e+00 0.00000000e+00
 2.34669228e-03 5.00585802e-04 0.00000000e+00 1.84584415e-02
 2.65673501e-03 0.00000000e+00 0.00000000e+00 0.00000000e+00
 0.00000000e+00]
[0.95120995 0.00384273 0.         0.00181141 0.00217455 0.
 0.         0.         0.00449644 0.         0.00352734 0.00310856
 0.         0.00327453 0.00625272 0.0173855  0.         0.
 0.         0.00291628 0.        ]
[9.61199754e-01 4.63934862e-03 9.18182421e-04 2.05936761e-03
 1.60509204e-03 0.00000000e+00 0.00000000e+00 0.00000000e+00
 0.00000000e+00 0.00000000e+00 0.00000000e+00 0.00000000e+00
 0.00000000e+00 1.50121402e-03 1.12536090e-03 2.01759915e-02
 2.57020796e-03 2.38327912e-03 0.00000000e+00 1.82220205e-03
 0.00000000e+00]
[0.96079313 0.0033335  0.         0.         0.00318587 0.
 0.00178707 0.         0.00295099 0.         0.         0.
 0.00411985 0.00488648 0.00159795 0.01252813 0.         0.00116702
 0.00174451 0.00190551 0.        ]
[9.57746959e-01 8.32823777e-03 1.56174833e-03 2.24720459e-03
 1.48388067e-03 0.00000000e+00 0.00000000e+00 1.37423303e-03
 0.00000000e+00 0.00000000e+00 0.00000000e+00 1.64128084e-03
 0.00000000e+00 1.29707361e-03 1.80765246e-03 1.25794084e-02
 3.12436441e-03 5.24063409e-03 1.04330364e-03 5.24019307e-04
 0.00000000e+00]
[9.61302028e-01 2.36964434e-03 0.00000000e+00 1.10401308e-03
 2.26559536e-03 0.00000000e+00 0.00000000e+00 5.76500229e-04
 0.00000000e+00 0.00000000e+00 0.00000000e+00 0.00000000e+00
 1.61102327e-03 1.55576178e-03 1.23933542e-03 2.12219979e-02
 1.32448575e-03 2.87103162e-03 2.55858354e-03 0.00000000e+00
 0.00000000e+00]
[9.59631333e-01 0.00000000e+00 1.50765938e-03 2.38127365e-03
 0.00000000e+00 0.00000000e+00 0.00000000e+00 3.40897739e-03
 1.71526525e-03 0.00000000e+00 1.10515390e-03 3.99917503e-04
 2.75931999e-03 1.50033360e-03 1.99177950e-03 1.92197266e-02
 1.22676945e-03 3.15249107e-03 0.00000000e+00 0.00000000e+00
 0.00000000e+00]
[0.96952466 0.00099155 0.00133722 0.         0.00306488 0.
 0.         0.00132921 0.00268492 0.         0.         0.00125155
 0.00239571 0.         0.         0.01213983 0.00108586 0.00252547
 0.         0.00166912 0.        ]
[9.61951558e-01 0.00000000e+00 0.00000000e+00 3.70890266e-03
 0.00000000e+00 1.41263556e-03 0.00000000e+00 0.00000000e+00
 4.53812230e-03 0.00000000e+00 0.00000000e+00 2.34849664e-03
 3.20312060e-03 1.78142275e-03 0.00000000e+00 1.88038952e-02
 0.00000000e+00 1.76614343e-03 0.00000000e+00 0.00000000e+00
 4.85702758e-04]
[0.96960649 0.0030586  0.00217591 0.00155526 0.         0.
 0.00143214 0.         0.00250906 0.         0.         0.00151426
 0.         0.00182336 0.00328748 0.01166467 0.         0.
 0.         0.00137277 0.        ]
[9.61144081e-01 7.82362906e-03 1.26934949e-03 0.00000000e+00
 1.83929969e-03 0.00000000e+00 2.93616103e-03 0.00000000e+00
 0.00000000e+00 1.41961945e-03 0.00000000e+00 0.00000000e+00
 2.13598961e-03 0.00000000e+00 0.00000000e+00 1.42553879e-02
 1.38346640e-04 0.00000000e+00 3.43499774e-03 2.44705523e-03
 1.15608298e-03]
[9.61546595e-01 6.48358333e-04 2.06499381e-03 3.16131706e-03
 3.21147461e-03 0.00000000e+00 0.00000000e+00 0.00000000e+00
 2.22916533e-03 0.00000000e+00 1.83037179e-03 0.00000000e+00
 2.97283141e-03 1.42064996e-03 0.00000000e+00 1.82861364e-02
 7.32342487e-04 1.19785324e-03 0.00000000e+00 0.00000000e+00
 6.97910734e-04]
[0.95853175 0.00459257 0.00125408 0.00271578 0.0014403  0.
 0.00114123 0.         0.00313915 0.         0.         0.00187309
 0.00244647 0.00173778 0.         0.01690992 0.00250066 0.
 0.         0.00171723 0.        ]
[9.58183803e-01 2.03819763e-03 0.00000000e+00 1.52017230e-03
 2.18228811e-03 0.00000000e+00 0.00000000e+00 0.00000000e+00
 4.14874356e-03 9.80600737e-04 2.97492786e-03 3.18120465e-03
 0.00000000e+00 1.52809062e-03 2.31341929e-03 2.05989802e-02
 3.49571616e-04 0.00000000e+00 0.00000000e+00 0.00000000e+00
 0.00000000e+00]
[9.62836826e-01 1.53902480e-03 0.00000000e+00 0.00000000e+00
 4.15133066e-03 0.00000000e+00 0.00000000e+00 0.00000000e+00
 0.00000000e+00 0.00000000e+00 0.00000000e+00 0.00000000e+00
 3.34880040e-03 7.32223844e-04 1.04237393e-03 1.66812545e-02
 1.89124891e-03 4.05189941e-03 3.72501710e-03 0.00000000e+00
 0.00000000e+00]
[9.54000460e-01 3.73092096e-03 2.13303808e-03 3.03573321e-03
 0.00000000e+00 0.00000000e+00 3.54457364e-03 0.00000000e+00
 3.05242115e-03 1.69803558e-03 0.00000000e+00 4.23849403e-03
 2.12800420e-03 3.62723497e-03 0.00000000e+00 1.68869836e-02
 6.72618969e-04 0.00000000e+00 4.36801550e-04 0.00000000e+00
 8.14680235e-04]
[9.71084486e-01 1.56924243e-03 2.19511162e-03 0.00000000e+00
 0.00000000e+00 8.36462286e-04 0.00000000e+00 0.00000000e+00
 2.62675548e-03 1.45654056e-03 0.00000000e+00 1.27366224e-03
 0.00000000e+00 1.76618533e-03 1.67887517e-03 1.55126788e-02
 0.00000000e+00 0.00000000e+00 0.00000000e+00 0.00000000e+00
 0.00000000e+00]
[0.96206048 0.         0.         0.         0.00240307 0.
 0.         0.00213129 0.         0.00139425 0.         0.
 0.0042068  0.00187987 0.         0.01755164 0.         0.00345097
 0.00324759 0.00167404 0.        ]
[9.67837270e-01 5.14077106e-04 0.00000000e+00 0.00000000e+00
 3.44156451e-03 0.00000000e+00 0.00000000e+00 0.00000000e+00
 2.72928554e-03 1.65716768e-03 0.00000000e+00 1.00833039e-03
 2.56404420e-03 1.13229486e-03 3.60348422e-03 1.39458446e-02
 9.37340119e-04 0.00000000e+00 6.29296483e-04 0.00000000e+00
 0.00000000e+00]
[9.54393975e-01 6.27587640e-03 0.00000000e+00 0.00000000e+00
 1.62505207e-03 0.00000000e+00 0.00000000e+00 1.17216871e-03
 1.17591743e-03 0.00000000e+00 0.00000000e+00 0.00000000e+00
 0.00000000e+00 1.92525003e-03 3.16775750e-03 2.14203855e-02
 0.00000000e+00 5.90285192e-03 7.69108284e-04 7.51469024e-04
 1.42018810e-03]
[9.60165808e-01 4.29602890e-03 0.00000000e+00 0.00000000e+00
 2.88192981e-03 0.00000000e+00 1.26567363e-03 0.00000000e+00
 0.00000000e+00 0.00000000e+00 0.00000000e+00 0.00000000e+00
 2.01215657e-03 3.13571402e-03 0.00000000e+00 1.90994354e-02
 2.42489172e-03 2.13910121e-03 0.00000000e+00 1.94202498e-03
 6.37235814e-04]
[9.60769543e-01 1.05251642e-03 0.00000000e+00 1.23515133e-03
 3.16582840e-03 1.14136263e-03 0.00000000e+00 0.00000000e+00
 4.94424332e-03 1.52048099e-03 0.00000000e+00 0.00000000e+00
 2.15218627e-03 2.05222434e-03 0.00000000e+00 1.88848438e-02
 6.50041158e-04 0.00000000e+00 0.00000000e+00 2.43157791e-03
 0.00000000e+00]
[9.60227682e-01 7.14626007e-03 0.00000000e+00 0.00000000e+00
 1.58563222e-03 0.00000000e+00 0.00000000e+00 0.00000000e+00
 3.10339537e-03 9.10155180e-04 0.00000000e+00 1.59535848e-03
 4.21465029e-03 1.39331647e-03 0.00000000e+00 1.64579491e-02
 1.71850319e-03 0.00000000e+00 0.00000000e+00 1.64709809e-03
 0.00000000e+00]
[0.95945927 0.         0.00121701 0.         0.00333744 0.
 0.         0.         0.00238521 0.00277211 0.         0.00221074
 0.         0.00504568 0.00203786 0.01787752 0.         0.
 0.         0.00365716 0.        ]
[9.54089830e-01 6.92071716e-03 0.00000000e+00 2.74910981e-03
 3.88642578e-03 0.00000000e+00 0.00000000e+00 0.00000000e+00
 0.00000000e+00 0.00000000e+00 0.00000000e+00 1.32667003e-03
 2.35559785e-03 1.40234031e-03 6.85153143e-04 1.91261263e-02
 3.34510666e-03 2.46501274e-03 1.64790984e-03 0.00000000e+00
 0.00000000e+00]
[9.64422116e-01 8.88188809e-04 0.00000000e+00 1.22522084e-03
 2.00148935e-03 0.00000000e+00 0.00000000e+00 0.00000000e+00
 2.68964570e-03 0.00000000e+00 0.00000000e+00 1.30652772e-03
 0.00000000e+00 0.00000000e+00 3.46429557e-03 1.86565431e-02
 0.00000000e+00 4.24005964e-03 0.00000000e+00 1.10591334e-03
 0.00000000e+00]
[0.95755734 0.00222389 0.00201905 0.         0.00283259 0.
 0.00100322 0.00257128 0.0026084  0.         0.         0.00238952
 0.         0.00369222 0.00282431 0.01504118 0.00151803 0.00155706
 0.         0.00216192 0.        ]
[9.58751511e-01 4.44113506e-03 7.36493889e-04 1.49004168e-03
 1.63171638e-03 0.00000000e+00 0.00000000e+00 0.00000000e+00
 2.14941038e-03 0.00000000e+00 0.00000000e+00 0.00000000e+00
 2.20913421e-03 9.40460827e-04 8.03208741e-03 1.56296073e-02
 2.53532244e-03 0.00000000e+00 0.00000000e+00 1.22804910e-03
 2.25029940e-04]
[9.61239783e-01 6.48129849e-04 3.10206265e-03 1.41601096e-03
 2.69280478e-03 0.00000000e+00 1.81254778e-03 0.00000000e+00
 0.00000000e+00 0.00000000e+00 0.00000000e+00 7.35195256e-04
 0.00000000e+00 3.98690534e-03 0.00000000e+00 1.80185901e-02
 4.34204934e-03 2.00592095e-03 0.00000000e+00 0.00000000e+00
 0.00000000e+00]
[9.63695958e-01 7.31247795e-04 2.76676709e-04 2.60198471e-03
 0.00000000e+00 0.00000000e+00 1.07348877e-03 1.43203949e-03
 8.88395820e-04 0.00000000e+00 0.00000000e+00 0.00000000e+00
 2.68594852e-03 3.41495406e-03 2.59531134e-03 2.06039948e-02
 0.00000000e+00 0.00000000e+00 0.00000000e+00 0.00000000e+00
 0.00000000e+00]
[0.96016028 0.00589637 0.00193489 0.00210026 0.00184285 0.
 0.         0.         0.         0.00203952 0.         0.
 0.         0.         0.         0.01518374 0.00311646 0.00237342
 0.00153711 0.00381509 0.        ]
[0.96206304 0.00513437 0.         0.         0.00551661 0.
 0.         0.00301399 0.00148387 0.         0.         0.00100774
 0.         0.00136611 0.00147944 0.01530611 0.         0.
 0.         0.00260722 0.00102149]
[9.63181614e-01 5.69483853e-03 1.88287712e-03 0.00000000e+00
 3.20098406e-03 0.00000000e+00 0.00000000e+00 1.82069755e-04
 3.35607294e-03 0.00000000e+00 0.00000000e+00 1.85816404e-03
 0.00000000e+00 1.64181622e-03 1.35733924e-03 1.46872457e-02
 6.22244969e-04 2.33473334e-03 0.00000000e+00 0.00000000e+00
 0.00000000e+00]
[9.66153718e-01 7.27122381e-04 2.04734287e-03 0.00000000e+00
 0.00000000e+00 0.00000000e+00 0.00000000e+00 1.08502826e-03
 0.00000000e+00 0.00000000e+00 0.00000000e+00 0.00000000e+00
 1.44279721e-03 2.29184070e-03 1.37227003e-03 2.10031029e-02
 0.00000000e+00 1.46576846e-03 2.41100961e-03 0.00000000e+00
 0.00000000e+00]
[9.58667522e-01 6.42571418e-03 5.72345496e-03 1.93816842e-03
 2.72947725e-03 1.24203002e-03 0.00000000e+00 0.00000000e+00
 0.00000000e+00 1.70306372e-03 0.00000000e+00 0.00000000e+00
 3.59411769e-03 0.00000000e+00 0.00000000e+00 1.55133910e-02
 0.00000000e+00 0.00000000e+00 6.46453863e-04 1.13432231e-03
 6.82284906e-04]
[9.60459516e-01 1.51853569e-03 0.00000000e+00 1.09655868e-03
 2.51148549e-03 1.27081655e-03 1.67133591e-03 0.00000000e+00
 0.00000000e+00 0.00000000e+00 0.00000000e+00 0.00000000e+00
 4.00318302e-03 3.45540944e-03 9.56351148e-04 1.67603630e-02
 3.19904855e-03 1.97246132e-03 0.00000000e+00 1.12493545e-03
 0.00000000e+00]
[9.64613155e-01 2.01297314e-03 2.18670853e-03 0.00000000e+00
 0.00000000e+00 5.57897761e-04 0.00000000e+00 1.33202086e-03
 3.22061597e-03 0.00000000e+00 0.00000000e+00 1.42282171e-03
 1.74327626e-03 0.00000000e+00 1.36659279e-03 1.78692080e-02
 0.00000000e+00 3.67473021e-03 0.00000000e+00 0.00000000e+00
 0.00000000e+00]
[9.62214247e-01 4.18105081e-03 1.22488131e-03 1.44973041e-04
 3.85369118e-03 4.11960660e-04 0.00000000e+00 0.00000000e+00
 2.65484170e-03 1.83742104e-03 0.00000000e+00 0.00000000e+00
 0.00000000e+00 1.57678586e-03 1.59863052e-03 1.48791590e-02
 1.39588158e-03 2.77603563e-03 0.00000000e+00 1.25044091e-03
 0.00000000e+00]
[9.57679536e-01 2.68998230e-03 0.00000000e+00 4.03682884e-03
 2.67082744e-03 0.00000000e+00 0.00000000e+00 4.86036619e-04
 2.62082824e-03 0.00000000e+00 0.00000000e+00 0.00000000e+00
 0.00000000e+00 1.71816397e-03 1.30356831e-03 2.17922052e-02
 0.00000000e+00 3.04548978e-03 0.00000000e+00 0.00000000e+00
 1.95653310e-03]
[0.96281329 0.00540058 0.00170174 0.00146622 0.00167472 0.
 0.         0.         0.00228654 0.00101854 0.         0.
 0.00213142 0.         0.00157281 0.01397825 0.         0.00467972
 0.         0.00127617 0.        ]
[0.96430835 0.0056805  0.0011052  0.00246792 0.00227841 0.
 0.         0.00127705 0.00346391 0.         0.         0.
 0.00196465 0.00128271 0.         0.01617129 0.         0.
 0.         0.         0.        ]
[0.96197054 0.00248332 0.         0.         0.0028477  0.
 0.         0.         0.         0.00140584 0.         0.
 0.         0.00508809 0.         0.02342651 0.002778   0.
 0.         0.         0.        ]
[0.96199016 0.0049332  0.         0.         0.00387095 0.
 0.         0.         0.         0.00247213 0.         0.
 0.         0.00199294 0.         0.01694542 0.00386004 0.00393517
 0.         0.         0.        ]
[9.64733797e-01 5.86799498e-03 0.00000000e+00 0.00000000e+00
 1.54799936e-03 0.00000000e+00 0.00000000e+00 2.32067816e-03
 9.49024083e-04 6.37205918e-04 0.00000000e+00 4.03443994e-03
 0.00000000e+00 0.00000000e+00 1.44400525e-03 1.69367436e-02
 0.00000000e+00 1.52811140e-03 0.00000000e+00 0.00000000e+00
 0.00000000e+00]
[9.62762137e-01 4.40716043e-03 2.19559422e-03 0.00000000e+00
 1.77007726e-03 0.00000000e+00 8.14287854e-04 0.00000000e+00
 3.07423312e-03 7.46820453e-04 0.00000000e+00 2.35521263e-03
 0.00000000e+00 0.00000000e+00 1.40403691e-03 1.63680851e-02
 2.37715590e-03 0.00000000e+00 0.00000000e+00 1.72519924e-03
 0.00000000e+00]
[9.58243171e-01 5.75936586e-03 1.17671102e-03 0.00000000e+00
 4.54745418e-03 0.00000000e+00 0.00000000e+00 0.00000000e+00
 2.86429478e-03 0.00000000e+00 0.00000000e+00 0.00000000e+00
 0.00000000e+00 1.93961829e-03 2.07440166e-03 1.60660968e-02
 7.27966666e-04 4.26363212e-03 0.00000000e+00 1.37122138e-03
 9.66066756e-04]
[9.63096468e-01 3.22202509e-03 0.00000000e+00 1.00895701e-03
 1.72194041e-03 0.00000000e+00 0.00000000e+00 0.00000000e+00
 0.00000000e+00 1.50080265e-03 0.00000000e+00 0.00000000e+00
 2.14775765e-03 1.74850727e-03 0.00000000e+00 1.58537488e-02
 3.56519649e-03 2.40021320e-03 2.95202020e-03 7.82363544e-04
 0.00000000e+00]
[9.61991139e-01 7.32107095e-04 0.00000000e+00 0.00000000e+00
 2.62976001e-03 0.00000000e+00 0.00000000e+00 0.00000000e+00
 0.00000000e+00 0.00000000e+00 0.00000000e+00 0.00000000e+00
 1.89729372e-03 1.55439979e-03 2.66626845e-03 2.11551171e-02
 3.23675220e-03 4.13716257e-03 0.00000000e+00 0.00000000e+00
 0.00000000e+00]
[9.52788262e-01 2.43834678e-03 0.00000000e+00 0.00000000e+00
 2.74518561e-03 0.00000000e+00 0.00000000e+00 0.00000000e+00
 2.60708155e-03 2.20914566e-03 0.00000000e+00 0.00000000e+00
 2.09087216e-03 0.00000000e+00 1.23534289e-03 2.25453016e-02
 6.04301579e-03 2.43824996e-03 0.00000000e+00 1.97578500e-03
 8.83410580e-04]
[9.62402532e-01 6.51418787e-03 1.22583578e-03 0.00000000e+00
 1.47534864e-03 0.00000000e+00 1.69561798e-03 1.40819830e-03
 0.00000000e+00 0.00000000e+00 0.00000000e+00 0.00000000e+00
 0.00000000e+00 2.25978605e-03 1.25602925e-03 1.67887011e-02
 3.00952751e-03 1.35313679e-03 6.11099168e-04 0.00000000e+00
 0.00000000e+00]
[9.56412694e-01 2.23932903e-03 0.00000000e+00 0.00000000e+00
 2.38468160e-03 0.00000000e+00 1.40410078e-03 0.00000000e+00
 2.28599308e-03 1.48217621e-03 1.42019273e-04 0.00000000e+00
 4.53818772e-03 1.87928438e-03 2.23834929e-03 1.87116757e-02
 0.00000000e+00 3.44581522e-03 0.00000000e+00 1.29568833e-03
 1.54000574e-03]
[9.59552733e-01 1.05783665e-02 0.00000000e+00 0.00000000e+00
 1.73525243e-03 8.81194439e-04 0.00000000e+00 0.00000000e+00
 4.68798506e-04 1.32585496e-03 0.00000000e+00 0.00000000e+00
 7.66266546e-04 1.74563416e-03 1.39340189e-03 1.40667102e-02
 2.44939758e-03 3.67321568e-03 1.36317425e-03 0.00000000e+00
 0.00000000e+00]
[9.51801962e-01 3.75763517e-03 2.21515939e-03 1.79138009e-03
 0.00000000e+00 0.00000000e+00 1.31749171e-03 0.00000000e+00
 2.57754611e-03 1.80560151e-03 0.00000000e+00 0.00000000e+00
 3.41877965e-03 3.91134894e-03 0.00000000e+00 2.32502344e-02
 6.91985154e-04 1.40492864e-03 0.00000000e+00 2.05594735e-03
 0.00000000e+00]
[0.96944664 0.         0.         0.         0.00329387 0.
