Namespace(model='DecisionTree', alpha=1.0, max_depth=5, min_samples_split=2, min_samples_leaf=1, target_dim=20, start_year=2000, end_year=2002, seed=42, epoch=400, test_size=0.2, iter=16384, time=time.struct_time(tm_year=2025, tm_mon=3, tm_mday=23, tm_hour=15, tm_min=25, tm_sec=4, tm_wday=6, tm_yday=82, tm_isdst=0), output_dir='../Result/DecisionTree_2000_2002_0323-152504/', log=<_io.TextIOWrapper name='../Result/DecisionTree_2000_2002_0323-152504/log.txt' mode='w' encoding='UTF-8'>)
NMF Non-zero rate = 0.283963%; NMF Error = 4.737395/12.051606.
[9.73162754e-01 0.00000000e+00 0.00000000e+00 1.54106921e-03
 0.00000000e+00 1.24531172e-03 5.11040511e-04 2.27179585e-03
 0.00000000e+00 4.23333990e-03 7.01566084e-03 0.00000000e+00
 2.62522257e-03 0.00000000e+00 2.52911756e-03 1.43025310e-03
 0.00000000e+00 0.00000000e+00 3.43443459e-03 0.00000000e+00
 0.00000000e+00]
[9.79955557e-01 0.00000000e+00 0.00000000e+00 0.00000000e+00
 0.00000000e+00 0.00000000e+00 0.00000000e+00 4.48879736e-03
 0.00000000e+00 7.68941305e-04 4.11673841e-03 1.16974578e-03
 2.94313281e-03 2.21338297e-03 3.45542620e-03 0.00000000e+00
 0.00000000e+00 8.88277752e-04 0.00000000e+00 0.00000000e+00
 0.00000000e+00]
[9.74106774e-01 0.00000000e+00 2.97651268e-03 2.16001903e-03
 0.00000000e+00 1.19349135e-03 9.99459578e-04 2.63142159e-03
 2.72629504e-03 1.22097852e-03 3.06846868e-03 0.00000000e+00
 1.85430552e-03 1.50315060e-03 2.96696370e-03 1.95459123e-03
 0.00000000e+00 6.37568201e-04 0.00000000e+00 0.00000000e+00
 0.00000000e+00]
[9.70411175e-01 1.46865961e-03 1.20019579e-03 3.24662352e-03
 0.00000000e+00 0.00000000e+00 0.00000000e+00 3.91665940e-03
 0.00000000e+00 0.00000000e+00 1.14053310e-02 0.00000000e+00
 2.59161253e-03 2.42664107e-03 2.57514455e-03 0.00000000e+00
 0.00000000e+00 7.57957232e-04 0.00000000e+00 0.00000000e+00
 0.00000000e+00]
[0.97157959 0.00335722 0.00380114 0.         0.         0.
 0.00135023 0.00281387 0.         0.         0.00221975 0.00329547
 0.00204272 0.         0.00208429 0.0048882  0.         0.
 0.00256752 0.         0.        ]
[9.77054350e-01 2.11715332e-03 2.17218374e-03 0.00000000e+00
 2.34669979e-03 0.00000000e+00 0.00000000e+00 1.30395097e-03
 0.00000000e+00 0.00000000e+00 4.45906093e-03 2.90453001e-03
 6.53274912e-04 1.94046712e-03 2.61200412e-03 1.30108425e-03
 0.00000000e+00 0.00000000e+00 0.00000000e+00 0.00000000e+00
 1.13524120e-03]
[0.97763968 0.00319625 0.         0.00118986 0.00202507 0.
 0.00170408 0.00131865 0.         0.00100551 0.00414287 0.
 0.00436936 0.00132298 0.0020857  0.         0.         0.
 0.         0.         0.        ]
[9.74663673e-01 2.96094466e-03 1.27008467e-03 0.00000000e+00
 1.65178793e-03 0.00000000e+00 0.00000000e+00 0.00000000e+00
 1.53851239e-03 0.00000000e+00 6.77944458e-03 3.26311320e-03
 3.55319679e-03 1.74134790e-03 2.19523282e-03 0.00000000e+00
 0.00000000e+00 0.00000000e+00 3.82662194e-04 0.00000000e+00
 0.00000000e+00]
[9.75505439e-01 2.55595491e-03 3.48744864e-03 7.79160306e-04
 0.00000000e+00 0.00000000e+00 0.00000000e+00 9.68704568e-04
 0.00000000e+00 0.00000000e+00 5.63929307e-03 2.10453480e-03
 0.00000000e+00 2.65998391e-03 3.92190662e-03 0.00000000e+00
 0.00000000e+00 0.00000000e+00 1.61353450e-03 0.00000000e+00
 7.64039477e-04]
[9.74803165e-01 0.00000000e+00 2.25807976e-03 0.00000000e+00
 0.00000000e+00 0.00000000e+00 1.79655660e-03 2.58339854e-03
 3.06018619e-03 1.52844421e-03 6.86481671e-03 2.47080912e-03
 1.72280269e-03 1.25793297e-03 0.00000000e+00 1.17685748e-03
 4.76950252e-04 0.00000000e+00 0.00000000e+00 0.00000000e+00
 0.00000000e+00]
[9.73673608e-01 2.83452563e-03 2.28615778e-03 0.00000000e+00
 0.00000000e+00 0.00000000e+00 0.00000000e+00 1.85768879e-03
 9.32313928e-04 2.25587320e-03 7.54593912e-03 5.19929619e-04
 1.32413098e-03 1.05227116e-03 2.07968407e-03 1.09274591e-03
 0.00000000e+00 0.00000000e+00 1.91069271e-03 0.00000000e+00
 6.34439510e-04]
[0.97229068 0.         0.00979444 0.         0.00105132 0.00119478
 0.         0.         0.         0.         0.00974836 0.00277888
 0.         0.         0.00314154 0.         0.         0.
 0.         0.         0.        ]
[9.72021579e-01 0.00000000e+00 2.39425651e-03 3.53150738e-04
 0.00000000e+00 0.00000000e+00 0.00000000e+00 1.96964358e-03
 0.00000000e+00 1.79045343e-03 1.08416950e-02 0.00000000e+00
 2.24669569e-03 1.20017795e-03 3.59280510e-03 1.10847347e-03
 0.00000000e+00 6.85238238e-04 1.79583174e-03 0.00000000e+00
 0.00000000e+00]
[9.72602139e-01 0.00000000e+00 1.46387590e-03 3.47148570e-03
 0.00000000e+00 1.70110331e-03 0.00000000e+00 0.00000000e+00
 3.05449639e-03 3.44519214e-03 5.02157424e-03 6.63899339e-04
 3.10225540e-03 0.00000000e+00 1.82758372e-03 1.53470722e-03
 0.00000000e+00 0.00000000e+00 2.11168763e-03 0.00000000e+00
 0.00000000e+00]
[9.71143495e-01 6.42197546e-04 4.38288949e-03 9.78774249e-04
 0.00000000e+00 0.00000000e+00 0.00000000e+00 2.42161199e-03
 0.00000000e+00 0.00000000e+00 8.06761114e-03 0.00000000e+00
 5.65259262e-03 2.20587859e-03 1.64021398e-03 0.00000000e+00
 0.00000000e+00 0.00000000e+00 1.67477038e-03 0.00000000e+00
 1.18996467e-03]
[9.71703950e-01 5.44838385e-04 4.70116993e-03 0.00000000e+00
 1.57480159e-03 0.00000000e+00 0.00000000e+00 0.00000000e+00
 1.87552447e-03 0.00000000e+00 9.99810439e-03 2.90533046e-03
 0.00000000e+00 1.43323236e-03 5.57750110e-04 1.63218744e-03
 0.00000000e+00 7.34078150e-04 2.33903297e-03 0.00000000e+00
 0.00000000e+00]
[0.97222501 0.00413644 0.00547798 0.         0.         0.
 0.         0.         0.00158957 0.         0.00590479 0.0027937
 0.00164583 0.00211182 0.         0.         0.         0.
 0.00411486 0.         0.        ]
[9.65265037e-01 3.27578001e-03 1.93559172e-03 0.00000000e+00
 1.23280352e-03 0.00000000e+00 0.00000000e+00 2.49149600e-03
 0.00000000e+00 0.00000000e+00 9.79587494e-03 0.00000000e+00
 2.48881166e-03 8.60795155e-04 1.83444029e-03 0.00000000e+00
 3.22898550e-03 0.00000000e+00 6.40292430e-03 0.00000000e+00
 1.18745945e-03]
[0.97573295 0.00239897 0.00265242 0.         0.         0.
 0.         0.         0.00132486 0.         0.00548518 0.00221372
 0.         0.00152182 0.00421238 0.00175957 0.         0.
 0.00269815 0.         0.        ]
[9.72777593e-01 2.23155951e-03 1.15781618e-03 0.00000000e+00
 0.00000000e+00 3.59584324e-04 0.00000000e+00 2.08016497e-03
 0.00000000e+00 0.00000000e+00 6.82478141e-03 2.11826724e-03
 0.00000000e+00 1.71022848e-03 4.27544501e-03 1.21799839e-03
 2.82404096e-03 0.00000000e+00 2.42252085e-03 0.00000000e+00
 0.00000000e+00]
[0.96445771 0.00338593 0.00204822 0.         0.         0.
 0.         0.0038285  0.00296579 0.         0.00904176 0.01087855
 0.         0.00184514 0.0015484  0.         0.         0.
 0.         0.         0.        ]
[9.74559881e-01 0.00000000e+00 6.21610390e-04 0.00000000e+00
 2.30532975e-03 0.00000000e+00 0.00000000e+00 3.17603624e-03
 0.00000000e+00 1.91929122e-03 8.21151350e-03 1.88595438e-03
 3.75619646e-03 0.00000000e+00 2.39873579e-03 0.00000000e+00
 0.00000000e+00 0.00000000e+00 0.00000000e+00 0.00000000e+00
 1.16545132e-03]
[9.77063343e-01 2.28256224e-03 3.94803430e-03 2.65714043e-03
 1.43050929e-03 0.00000000e+00 0.00000000e+00 2.60092486e-03
 1.41680918e-03 7.17263285e-04 1.41257577e-03 1.57853050e-03
 2.03118066e-03 1.73782714e-03 0.00000000e+00 0.00000000e+00
 0.00000000e+00 0.00000000e+00 0.00000000e+00 0.00000000e+00
 1.12329937e-03]
[9.72918283e-01 4.31146405e-03 2.58283091e-03 0.00000000e+00
 1.29348970e-03 0.00000000e+00 0.00000000e+00 1.67655524e-03
 1.36516780e-03 0.00000000e+00 7.01207419e-03 1.90008274e-03
 0.00000000e+00 1.81774314e-03 4.35597145e-03 0.00000000e+00
 0.00000000e+00 7.66337724e-04 0.00000000e+00 0.00000000e+00
 0.00000000e+00]
[9.62830801e-01 2.15409238e-03 1.41792889e-03 0.00000000e+00
 1.54425917e-03 0.00000000e+00 0.00000000e+00 0.00000000e+00
 4.81705916e-03 0.00000000e+00 7.67887962e-03 2.33521589e-03
 0.00000000e+00 1.19576143e-02 0.00000000e+00 0.00000000e+00
 0.00000000e+00 2.26000206e-03 2.59979834e-03 0.00000000e+00
 4.04349155e-04]
[9.77734675e-01 0.00000000e+00 9.03074492e-04 0.00000000e+00
 0.00000000e+00 0.00000000e+00 0.00000000e+00 0.00000000e+00
 1.37144424e-03 1.35434841e-03 7.16036243e-03 2.07236312e-03
 0.00000000e+00 3.52396562e-03 4.33850457e-03 0.00000000e+00
 0.00000000e+00 0.00000000e+00 1.54126200e-03 0.00000000e+00
 0.00000000e+00]
[9.72956555e-01 2.59867880e-03 0.00000000e+00 0.00000000e+00
 0.00000000e+00 4.74790829e-03 0.00000000e+00 0.00000000e+00
 1.23649957e-03 0.00000000e+00 7.53105938e-03 1.18736065e-03
 2.15218736e-03 0.00000000e+00 4.38315155e-03 1.27708477e-03
 9.17945688e-04 0.00000000e+00 0.00000000e+00 0.00000000e+00
 1.01156911e-03]
[9.71001976e-01 4.32700869e-03 8.39778317e-04 4.20753603e-04
 1.03776626e-03 0.00000000e+00 0.00000000e+00 4.39232926e-03
 0.00000000e+00 0.00000000e+00 5.35203244e-03 1.44211729e-03
 2.71405473e-03 2.30445510e-03 3.46518300e-03 1.30920153e-03
 0.00000000e+00 0.00000000e+00 1.05714116e-03 0.00000000e+00
 3.36202278e-04]
[9.71018865e-01 3.86280627e-03 5.08747841e-03 0.00000000e+00
 0.00000000e+00 0.00000000e+00 0.00000000e+00 3.43172959e-03
 1.20117479e-03 0.00000000e+00 9.08993992e-03 6.43572837e-04
 2.82496257e-03 2.26341453e-03 5.76056123e-04 0.00000000e+00
 0.00000000e+00 0.00000000e+00 0.00000000e+00 0.00000000e+00
 0.00000000e+00]
[9.81162850e-01 0.00000000e+00 0.00000000e+00 0.00000000e+00
 0.00000000e+00 0.00000000e+00 0.00000000e+00 3.45006958e-03
 0.00000000e+00 0.00000000e+00 8.43290161e-03 8.61008419e-04
 0.00000000e+00 1.68212709e-03 3.52612927e-03 0.00000000e+00
 0.00000000e+00 8.84913572e-04 0.00000000e+00 0.00000000e+00
 0.00000000e+00]
[9.75756321e-01 2.75192382e-03 2.23580901e-03 0.00000000e+00
 0.00000000e+00 3.98602364e-04 7.67411770e-04 1.58717125e-03
 0.00000000e+00 0.00000000e+00 5.09681176e-03 3.01479601e-03
 2.22361484e-03 1.60646866e-03 1.62289042e-03 1.32354046e-03
 0.00000000e+00 0.00000000e+00 7.11510239e-04 0.00000000e+00
 9.03128574e-04]
[0.97751347 0.         0.00171475 0.         0.         0.00241555
 0.         0.         0.00473834 0.         0.00479319 0.00126466
 0.00354387 0.00107294 0.         0.00193854 0.0010047  0.
 0.         0.         0.        ]
[9.71406021e-01 1.53090261e-03 3.18236592e-03 0.00000000e+00
 5.60036337e-03 0.00000000e+00 9.00140912e-04 2.71805357e-03
 5.12432050e-04 0.00000000e+00 4.90203421e-03 2.35118970e-03
 0.00000000e+00 0.00000000e+00 9.49497641e-04 5.03961026e-03
 0.00000000e+00 9.07388330e-04 0.00000000e+00 0.00000000e+00
 0.00000000e+00]
[0.97466178 0.0035474  0.         0.         0.00129622 0.
 0.         0.00186209 0.0013534  0.00208918 0.00956783 0.
 0.         0.00192677 0.00369531 0.         0.         0.
 0.         0.         0.        ]
[9.71904840e-01 0.00000000e+00 0.00000000e+00 3.10105673e-03
 0.00000000e+00 4.19884234e-03 0.00000000e+00 1.72265962e-03
 0.00000000e+00 9.05230120e-04 6.33363306e-03 1.47541849e-03
 2.89096768e-03 2.59533793e-03 1.79427847e-03 0.00000000e+00
 0.00000000e+00 0.00000000e+00 6.89892463e-04 4.98166126e-04
 1.88967692e-03]
[9.75405290e-01 4.33110079e-04 3.85537168e-03 0.00000000e+00
 0.00000000e+00 1.20768440e-03 0.00000000e+00 3.77540898e-03
 5.34579171e-04 3.39322032e-03 5.27795182e-03 2.53561470e-03
 0.00000000e+00 0.00000000e+00 3.58176841e-03 0.00000000e+00
 0.00000000e+00 0.00000000e+00 0.00000000e+00 0.00000000e+00
 0.00000000e+00]
[9.73327746e-01 3.46492059e-03 0.00000000e+00 0.00000000e+00
 0.00000000e+00 0.00000000e+00 4.91576539e-04 3.70938052e-03
 0.00000000e+00 1.42391844e-03 6.15042241e-03 1.16163352e-03
 2.86593947e-03 2.25235301e-03 2.42787940e-03 1.20610537e-03
 0.00000000e+00 0.00000000e+00 3.34389144e-04 0.00000000e+00
 1.18373577e-03]
[9.71761382e-01 0.00000000e+00 2.13508082e-03 0.00000000e+00
 1.73542078e-03 2.84569279e-03 1.44570470e-03 1.62424778e-03
 0.00000000e+00 0.00000000e+00 7.80518103e-03 2.28546359e-03
 1.29193904e-03 0.00000000e+00 2.16508325e-03 1.77273705e-03
 0.00000000e+00 7.45889596e-04 1.06196704e-03 0.00000000e+00
 1.32421077e-03]
[9.75535705e-01 2.53259713e-03 2.25630118e-03 8.34577234e-04
 1.76582436e-03 0.00000000e+00 0.00000000e+00 4.62094314e-03
 0.00000000e+00 0.00000000e+00 4.86963881e-03 0.00000000e+00
 0.00000000e+00 1.47189804e-03 2.66266904e-03 0.00000000e+00
 0.00000000e+00 0.00000000e+00 2.42344210e-03 0.00000000e+00
 1.02640359e-03]
[9.72964451e-01 2.16032691e-03 2.53675569e-03 7.52848855e-04
 0.00000000e+00 0.00000000e+00 7.59465821e-04 1.98278563e-03
 0.00000000e+00 0.00000000e+00 5.28398353e-03 2.85677691e-03
 2.20088167e-03 0.00000000e+00 2.59721946e-03 3.54514752e-03
 0.00000000e+00 0.00000000e+00 2.35935686e-03 0.00000000e+00
 0.00000000e+00]
[9.72979950e-01 0.00000000e+00 1.98271179e-03 0.00000000e+00
 2.64569263e-03 1.91211664e-03 0.00000000e+00 0.00000000e+00
 5.81603899e-04 2.35522304e-03 9.62993746e-03 3.19279215e-03
 0.00000000e+00 0.00000000e+00 2.36071808e-03 3.28267798e-04
 0.00000000e+00 7.26033644e-04 0.00000000e+00 0.00000000e+00
 1.30495309e-03]
[9.73162526e-01 3.10462002e-03 1.76764629e-03 0.00000000e+00
 0.00000000e+00 0.00000000e+00 1.05011614e-03 4.00067404e-03
 5.27465702e-04 1.65263119e-03 7.93370129e-03 0.00000000e+00
 2.36620230e-03 7.79528497e-04 2.08403919e-03 0.00000000e+00
 0.00000000e+00 0.00000000e+00 1.57084921e-03 0.00000000e+00
 0.00000000e+00]
[9.73594297e-01 2.13145382e-03 2.20932680e-03 0.00000000e+00
 0.00000000e+00 2.40329073e-03 0.00000000e+00 2.57913216e-03
 2.57302491e-03 1.31607041e-03 8.48590970e-03 2.45765669e-03
 0.00000000e+00 0.00000000e+00 0.00000000e+00 1.52643378e-03
 0.00000000e+00 7.23403748e-04 0.00000000e+00 0.00000000e+00
 0.00000000e+00]
[9.70586483e-01 3.57946194e-03 0.00000000e+00 0.00000000e+00
 9.16076314e-04 0.00000000e+00 0.00000000e+00 3.05168913e-03
 0.00000000e+00 8.96071996e-04 1.00537544e-02 2.83001322e-03
 0.00000000e+00 2.25883191e-03 3.13589469e-03 1.31703589e-03
 0.00000000e+00 0.00000000e+00 0.00000000e+00 0.00000000e+00
 1.37468723e-03]
[9.69248162e-01 2.34408007e-03 4.83752315e-03 0.00000000e+00
 0.00000000e+00 0.00000000e+00 0.00000000e+00 2.53430128e-03
 4.32211654e-03 1.17887933e-03 8.75472473e-03 2.80531160e-03
 0.00000000e+00 0.00000000e+00 0.00000000e+00 7.56060265e-04
 0.00000000e+00 7.11381484e-04 2.50746002e-03 0.00000000e+00
 0.00000000e+00]
[9.72316088e-01 0.00000000e+00 2.70198311e-03 4.33666992e-04
 2.69224977e-03 0.00000000e+00 0.00000000e+00 1.95886594e-03
 0.00000000e+00 0.00000000e+00 6.67205810e-03 2.42213893e-03
 0.00000000e+00 4.69606981e-03 2.95246872e-03 0.00000000e+00
 0.00000000e+00 1.21209229e-03 0.00000000e+00 0.00000000e+00
 1.94231873e-03]
[9.72170933e-01 6.83921971e-04 2.96681960e-03 0.00000000e+00
 0.00000000e+00 3.63427450e-04 0.00000000e+00 7.00187383e-03
 5.26197406e-04 0.00000000e+00 9.15953108e-03 3.33195170e-03
 0.00000000e+00 2.04352939e-03 0.00000000e+00 1.75181422e-03
 0.00000000e+00 0.00000000e+00 0.00000000e+00 0.00000000e+00
 0.00000000e+00]
[9.76599132e-01 4.32889331e-04 2.19298991e-03 0.00000000e+00
 0.00000000e+00 0.00000000e+00 0.00000000e+00 3.89370409e-03
 0.00000000e+00 2.88153722e-04 6.81866769e-03 2.55739014e-03
 9.23383040e-04 1.91261421e-03 2.13303838e-03 7.71449245e-04
 0.00000000e+00 0.00000000e+00 1.47658798e-03 0.00000000e+00
 0.00000000e+00]
[0.96518465 0.00318656 0.         0.00236741 0.         0.
 0.00160659 0.00211235 0.         0.         0.00881748 0.
 0.00454825 0.         0.00970771 0.         0.         0.
 0.002469   0.         0.        ]
[9.78915046e-01 0.00000000e+00 8.70366476e-04 9.88427304e-04
 0.00000000e+00 0.00000000e+00 1.34198228e-03 1.77749257e-03
 0.00000000e+00 2.95113559e-03 8.70872844e-03 1.48697392e-03
 0.00000000e+00 0.00000000e+00 2.03026856e-03 0.00000000e+00
 0.00000000e+00 0.00000000e+00 0.00000000e+00 0.00000000e+00
 9.29578713e-04]
[9.70997065e-01 2.44735854e-03 4.99050590e-03 0.00000000e+00
 0.00000000e+00 0.00000000e+00 0.00000000e+00 6.43043059e-03
 1.81567034e-03 0.00000000e+00 7.87924229e-03 1.56475281e-03
 0.00000000e+00 1.89013103e-03 0.00000000e+00 0.00000000e+00
 0.00000000e+00 9.15328156e-04 1.06951505e-03 0.00000000e+00
 0.00000000e+00]
[0.97117221 0.0027387  0.00247752 0.0033423  0.         0.
 0.         0.00152171 0.         0.         0.0049556  0.00257242
 0.         0.0062612  0.00398704 0.         0.         0.
 0.         0.         0.00097129]
[9.77570313e-01 2.43471649e-03 3.29861451e-03 0.00000000e+00
 0.00000000e+00 0.00000000e+00 0.00000000e+00 1.80806658e-03
 0.00000000e+00 2.00003649e-03 5.94690898e-03 2.98624966e-03
 0.00000000e+00 2.13186997e-03 0.00000000e+00 0.00000000e+00
 0.00000000e+00 0.00000000e+00 9.26890370e-04 8.96334192e-04
 0.00000000e+00]
[9.75471874e-01 6.41165033e-04 2.14122425e-03 0.00000000e+00
 0.00000000e+00 0.00000000e+00 0.00000000e+00 4.75072419e-03
 0.00000000e+00 2.49363758e-03 6.67704624e-03 2.62909324e-03
 0.00000000e+00 0.00000000e+00 2.06726083e-03 0.00000000e+00
 0.00000000e+00 1.81193963e-03 0.00000000e+00 8.74136275e-04
 4.41898484e-04]
[9.71729107e-01 3.17661315e-03 3.02290773e-03 0.00000000e+00
 1.33560043e-03 4.06114034e-04 0.00000000e+00 2.02667367e-03
 5.85401917e-04 1.10345128e-03 6.60094762e-03 3.02418150e-03
 0.00000000e+00 0.00000000e+00 2.30503463e-03 1.64528549e-03
 3.03868204e-03 0.00000000e+00 0.00000000e+00 0.00000000e+00
 0.00000000e+00]
[9.69726552e-01 5.38724990e-04 1.08006856e-03 0.00000000e+00
 1.44500860e-03 0.00000000e+00 7.60618652e-04 3.48411933e-03
 0.00000000e+00 0.00000000e+00 7.86057106e-03 0.00000000e+00
 4.68241074e-03 2.60243272e-03 1.59772698e-03 3.58128394e-03
 0.00000000e+00 0.00000000e+00 2.64048279e-03 0.00000000e+00
 0.00000000e+00]
[9.76319106e-01 1.61544327e-03 0.00000000e+00 0.00000000e+00
 0.00000000e+00 0.00000000e+00 0.00000000e+00 3.47752345e-03
 0.00000000e+00 0.00000000e+00 5.26219725e-03 2.91695593e-03
 9.59831527e-04 1.88451028e-03 3.05691674e-03 0.00000000e+00
 2.92122991e-03 0.00000000e+00 1.58628565e-03 0.00000000e+00
 0.00000000e+00]
[9.75375620e-01 1.90760412e-03 2.80136028e-03 0.00000000e+00
 0.00000000e+00 0.00000000e+00 0.00000000e+00 0.00000000e+00
 0.00000000e+00 0.00000000e+00 9.92205652e-03 2.89365159e-03
 2.26791832e-03 2.89436956e-03 5.44798428e-04 1.39262102e-03
 0.00000000e+00 0.00000000e+00 0.00000000e+00 0.00000000e+00
 0.00000000e+00]
[0.97783639 0.0013701  0.00201306 0.         0.         0.
 0.         0.         0.00142952 0.00129373 0.00825332 0.00441243
 0.         0.         0.         0.00101047 0.         0.00111415
 0.         0.         0.00126681]
[9.75077903e-01 2.85255817e-03 0.00000000e+00 0.00000000e+00
 1.42459700e-03 4.83231002e-04 0.00000000e+00 1.81431286e-03
 1.22722637e-03 2.29294359e-03 5.29594808e-03 0.00000000e+00
 1.82680860e-03 1.25581342e-03 5.21826082e-03 0.00000000e+00
 0.00000000e+00 0.00000000e+00 0.00000000e+00 0.00000000e+00
 1.23039682e-03]
[0.97032849 0.         0.00161185 0.         0.00128653 0.00635848
 0.         0.         0.0050803  0.         0.00849209 0.00174836
 0.         0.0032527  0.         0.         0.         0.
 0.0018412  0.         0.        ]
[9.68964249e-01 2.66049490e-03 6.27485165e-04 0.00000000e+00
 0.00000000e+00 0.00000000e+00 0.00000000e+00 4.70879041e-03
 0.00000000e+00 0.00000000e+00 1.22624910e-02 0.00000000e+00
 2.58028777e-03 1.63326793e-03 3.66889654e-03 1.39513021e-03
 0.00000000e+00 0.00000000e+00 1.49890684e-03 0.00000000e+00
 0.00000000e+00]
[9.75869740e-01 0.00000000e+00 1.64355678e-03 1.32911498e-03
 2.12949165e-03 4.97108669e-04 5.09804107e-04 0.00000000e+00
 1.57896164e-03 3.29434274e-03 5.72622782e-03 0.00000000e+00
 0.00000000e+00 2.09137659e-03 2.71869738e-03 0.00000000e+00
 0.00000000e+00 9.31740440e-04 1.67983729e-03 0.00000000e+00
 0.00000000e+00]
[9.66103277e-01 2.12612353e-03 3.37713622e-03 0.00000000e+00
 1.92446114e-03 3.99811875e-04 0.00000000e+00 3.66124479e-03
 0.00000000e+00 1.63639697e-03 5.28999180e-03 2.29777658e-03
 2.10898716e-03 0.00000000e+00 1.10747931e-02 0.00000000e+00
 0.00000000e+00 0.00000000e+00 0.00000000e+00 0.00000000e+00
 0.00000000e+00]
[9.75153182e-01 6.83262977e-04 1.32553695e-03 0.00000000e+00
 1.33277580e-03 0.00000000e+00 1.68728594e-03 4.25627952e-03
 0.00000000e+00 0.00000000e+00 6.08411944e-03 1.63204246e-03
 5.29817914e-03 0.00000000e+00 0.00000000e+00 1.82195141e-03
 0.00000000e+00 7.25384769e-04 0.00000000e+00 0.00000000e+00
 0.00000000e+00]
[9.69010046e-01 3.19054724e-03 2.97462751e-03 0.00000000e+00
 1.02072739e-03 2.34716587e-03 0.00000000e+00 0.00000000e+00
 5.70835090e-03 0.00000000e+00 6.87988536e-03 2.12342796e-03
 1.96770394e-03 1.90156879e-03 0.00000000e+00 4.59044191e-04
 0.00000000e+00 7.02740021e-04 1.71416453e-03 0.00000000e+00
 0.00000000e+00]
[9.71005980e-01 0.00000000e+00 5.83894844e-03 1.28592499e-03
 1.45763802e-03 0.00000000e+00 6.78186030e-04 0.00000000e+00
 0.00000000e+00 0.00000000e+00 5.20192405e-03 3.02729333e-03
 1.66809132e-03 8.32343353e-04 5.20487379e-04 1.87334709e-03
 0.00000000e+00 5.46834630e-03 1.14149001e-03 0.00000000e+00
 0.00000000e+00]
[9.74934868e-01 1.74700965e-03 6.29737846e-04 0.00000000e+00
 2.57481160e-03 3.06293222e-03 3.33302119e-04 2.11638590e-03
 0.00000000e+00 0.00000000e+00 6.56646127e-03 2.46823867e-03
 0.00000000e+00 2.28612890e-03 1.48994983e-03 1.79017390e-03
 0.00000000e+00 0.00000000e+00 0.00000000e+00 0.00000000e+00
 0.00000000e+00]
[9.72827464e-01 0.00000000e+00 2.26039546e-03 0.00000000e+00
 1.44820169e-03 3.72517156e-04 0.00000000e+00 5.79734742e-03
 0.00000000e+00 3.77896844e-03 7.63298657e-03 0.00000000e+00
 2.70149662e-03 0.00000000e+00 2.06342095e-03 0.00000000e+00
 0.00000000e+00 0.00000000e+00 0.00000000e+00 0.00000000e+00
 1.11720161e-03]
[0.96737293 0.00191439 0.00201464 0.         0.         0.
 0.         0.00117656 0.         0.         0.00933516 0.
 0.00306754 0.0019845  0.01014951 0.         0.         0.
 0.00166207 0.00132271 0.        ]
[9.72507951e-01 1.65419897e-03 6.78886076e-04 2.63732977e-03
 1.62560067e-03 0.00000000e+00 1.67749023e-03 1.89137019e-03
 0.00000000e+00 1.48129747e-03 6.44071963e-03 0.00000000e+00
 6.17856361e-03 0.00000000e+00 2.20601713e-03 0.00000000e+00
 0.00000000e+00 0.00000000e+00 1.02057543e-03 0.00000000e+00
 0.00000000e+00]
[9.75868319e-01 2.17409422e-03 2.94477688e-03 0.00000000e+00
 0.00000000e+00 2.06305031e-03 0.00000000e+00 1.54677490e-03
 5.19212838e-04 0.00000000e+00 8.38225846e-03 2.64501413e-03
 0.00000000e+00 1.81281649e-03 1.41761286e-03 0.00000000e+00
 0.00000000e+00 0.00000000e+00 0.00000000e+00 0.00000000e+00
 6.26069673e-04]
[9.79996667e-01 1.03900869e-03 3.48738783e-03 0.00000000e+00
 0.00000000e+00 1.43127652e-03 0.00000000e+00 1.02692694e-03
 0.00000000e+00 0.00000000e+00 4.74049429e-03 0.00000000e+00
 3.05961090e-03 0.00000000e+00 2.61470626e-03 0.00000000e+00
 0.00000000e+00 7.29311198e-04 0.00000000e+00 7.54659124e-04
 1.11995158e-03]
[9.71025306e-01 9.50873403e-04 2.47396631e-03 0.00000000e+00
 0.00000000e+00 0.00000000e+00 0.00000000e+00 2.60360195e-03
 5.78328705e-04 8.94801166e-04 6.67835237e-03 2.26508702e-03
 0.00000000e+00 1.45555222e-03 2.67098084e-03 1.67429762e-03
 0.00000000e+00 5.61733257e-03 0.00000000e+00 0.00000000e+00
 1.11151996e-03]
[9.75024491e-01 0.00000000e+00 1.98960120e-03 0.00000000e+00
 1.60347815e-03 4.09592067e-04 0.00000000e+00 4.31370633e-03
 0.00000000e+00 9.71764407e-04 5.11843975e-03 1.12385739e-03
 4.84511351e-03 1.63565581e-03 1.31202382e-03 0.00000000e+00
 0.00000000e+00 0.00000000e+00 1.65227678e-03 0.00000000e+00
 0.00000000e+00]
[9.79202446e-01 1.78309084e-03 5.16705396e-03 1.38985780e-03
 4.26926716e-04 0.00000000e+00 0.00000000e+00 0.00000000e+00
 1.41657289e-03 0.00000000e+00 3.18915717e-03 2.58136723e-03
 0.00000000e+00 2.81775182e-03 2.02577546e-03 0.00000000e+00
 0.00000000e+00 0.00000000e+00 0.00000000e+00 0.00000000e+00
 0.00000000e+00]
[9.75517847e-01 0.00000000e+00 2.89032451e-03 3.10390461e-03
 0.00000000e+00 8.27578570e-04 0.00000000e+00 0.00000000e+00
 2.52075196e-03 0.00000000e+00 6.04689579e-03 1.71947047e-03
 3.62927317e-03 0.00000000e+00 2.06896267e-03 0.00000000e+00
 0.00000000e+00 7.11659561e-04 0.00000000e+00 0.00000000e+00
 9.63331831e-04]
[9.69167779e-01 0.00000000e+00 1.72491461e-03 1.46086444e-03
 1.72666028e-03 0.00000000e+00 0.00000000e+00 0.00000000e+00
 0.00000000e+00 0.00000000e+00 4.62158294e-03 1.29310757e-03
 4.72245746e-03 1.81917957e-03 1.01218942e-02 1.54896572e-03
 0.00000000e+00 0.00000000e+00 1.00234051e-03 0.00000000e+00
 7.90253749e-04]
[9.68438494e-01 3.09090072e-03 1.76042271e-03 0.00000000e+00
 0.00000000e+00 0.00000000e+00 0.00000000e+00 4.81620187e-03
 0.00000000e+00 0.00000000e+00 9.88109560e-03 1.16809014e-03
 2.09235383e-03 2.14874326e-03 4.58749882e-03 1.37117139e-03
 0.00000000e+00 0.00000000e+00 0.00000000e+00 0.00000000e+00
 6.45027730e-04]
[9.72818980e-01 0.00000000e+00 3.69691503e-03 0.00000000e+00
 8.43800226e-04 1.86534166e-03 0.00000000e+00 3.71647277e-03
 5.89391399e-04 2.22171033e-03 8.28440939e-03 0.00000000e+00
 2.69173575e-03 0.00000000e+00 3.27124369e-03 0.00000000e+00
 0.00000000e+00 0.00000000e+00 0.00000000e+00 0.00000000e+00
 0.00000000e+00]
[9.69071513e-01 0.00000000e+00 4.53302881e-03 5.69348541e-04
 1.10899839e-03 0.00000000e+00 0.00000000e+00 2.55537827e-03
 3.11243118e-03 0.00000000e+00 7.68837744e-03 2.74577205e-03
 0.00000000e+00 1.82400243e-03 2.06159359e-03 1.31982751e-03
 0.00000000e+00 7.28076471e-04 2.68165261e-03 0.00000000e+00
 0.00000000e+00]
[9.72136202e-01 3.01023098e-03 1.47442471e-03 0.00000000e+00
 0.00000000e+00 9.08461889e-04 0.00000000e+00 1.84201923e-03
 0.00000000e+00 1.11986424e-03 7.69807247e-03 2.88877633e-03
 2.53048924e-03 1.68603136e-03 1.68784831e-03 1.14537532e-03
 0.00000000e+00 0.00000000e+00 1.87220398e-03 0.00000000e+00
 0.00000000e+00]
[0.97078385 0.00401416 0.00403729 0.         0.00109598 0.
 0.         0.00187869 0.0047595  0.         0.00589234 0.00237919
 0.         0.00178754 0.00211848 0.00125298 0.         0.
 0.         0.         0.        ]
[9.71026228e-01 2.26445833e-03 1.00492867e-03 0.00000000e+00
 4.12123758e-03 4.68624009e-04 0.00000000e+00 0.00000000e+00
 2.59126345e-03 0.00000000e+00 8.19064473e-03 2.00467319e-03
 0.00000000e+00 2.37636364e-03 2.57551725e-03 7.90041840e-04
 0.00000000e+00 2.58601916e-03 0.00000000e+00 0.00000000e+00
 0.00000000e+00]
[9.74748754e-01 0.00000000e+00 3.40302066e-03 0.00000000e+00
 7.98707291e-04 3.42366724e-03 0.00000000e+00 3.90709404e-03
 0.00000000e+00 2.41269973e-03 6.88677722e-03 2.49394811e-03
 1.92533164e-03 0.00000000e+00 0.00000000e+00 0.00000000e+00
 0.00000000e+00 0.00000000e+00 0.00000000e+00 0.00000000e+00
 0.00000000e+00]
[0.97374653 0.00233781 0.00243647 0.         0.         0.
 0.         0.00303026 0.         0.         0.00481465 0.00241174
 0.         0.00284698 0.00299603 0.00136761 0.         0.
 0.00289474 0.         0.00111718]
[9.74540126e-01 2.67200863e-03 2.98926840e-03 0.00000000e+00
 5.51833405e-04 0.00000000e+00 0.00000000e+00 0.00000000e+00
 1.57537040e-03 1.10030494e-03 6.68496427e-03 0.00000000e+00
 3.01490407e-03 2.34036584e-03 2.45297309e-03 1.34026770e-03
 0.00000000e+00 7.37613193e-04 0.00000000e+00 0.00000000e+00
 0.00000000e+00]
[9.64569097e-01 2.46679005e-03 2.06525220e-03 0.00000000e+00
 0.00000000e+00 3.64720357e-03 0.00000000e+00 0.00000000e+00
 1.07376242e-03 2.53535501e-04 8.06867988e-03 0.00000000e+00
 4.24657388e-03 2.12154186e-03 1.04200848e-02 1.06747882e-03
 0.00000000e+00 0.00000000e+00 0.00000000e+00 0.00000000e+00
 0.00000000e+00]
[9.68930165e-01 0.00000000e+00 2.93766383e-03 0.00000000e+00
 0.00000000e+00 0.00000000e+00 0.00000000e+00 4.00347578e-03
 4.30657342e-03 0.00000000e+00 8.77074461e-03 0.00000000e+00
 3.48647538e-03 0.00000000e+00 3.11582697e-03 1.21230127e-03
 0.00000000e+00 1.16145290e-03 1.64373967e-03 0.00000000e+00
 4.31581138e-04]
[9.79994300e-01 0.00000000e+00 1.39355127e-03 0.00000000e+00
 0.00000000e+00 4.78435123e-04 0.00000000e+00 3.59969704e-03
 1.55533552e-03 0.00000000e+00 6.31630631e-03 1.12698255e-03
 1.95505586e-03 1.83090138e-03 0.00000000e+00 0.00000000e+00
 0.00000000e+00 0.00000000e+00 7.12680920e-04 0.00000000e+00
 1.03675434e-03]
[9.78574650e-01 1.67925972e-03 1.07289402e-03 0.00000000e+00
 0.00000000e+00 3.76846763e-04 0.00000000e+00 3.57267136e-03
 0.00000000e+00 2.08575741e-03 5.50903410e-03 1.87048310e-03
 2.63355211e-03 0.00000000e+00 1.46540456e-03 0.00000000e+00
 0.00000000e+00 0.00000000e+00 0.00000000e+00 0.00000000e+00
 1.15944662e-03]
[9.54351342e-01 0.00000000e+00 2.02137219e-03 0.00000000e+00
 3.47866535e-03 1.13820427e-02 0.00000000e+00 1.16051777e-03
 5.31701429e-04 2.35073453e-03 7.03217823e-03 1.48775738e-03
 2.46831241e-03 0.00000000e+00 1.28312207e-02 0.00000000e+00
 0.00000000e+00 0.00000000e+00 0.00000000e+00 9.04155402e-04
 0.00000000e+00]
[9.70873908e-01 0.00000000e+00 2.32638658e-03 0.00000000e+00
 0.00000000e+00 0.00000000e+00 0.00000000e+00 2.58528069e-03
 1.81834459e-03 0.00000000e+00 9.33182117e-03 0.00000000e+00
 2.43926915e-03 3.74723913e-03 1.96971334e-03 1.19621932e-03
 0.00000000e+00 0.00000000e+00 3.30448951e-03 0.00000000e+00
 4.07328861e-04]
[9.57550593e-01 2.27259365e-03 3.02399631e-03 0.00000000e+00
 0.00000000e+00 2.31676841e-03 5.20510930e-04 0.00000000e+00
 1.33766702e-03 2.61084654e-03 5.13958266e-03 2.38684310e-03
 3.49581395e-03 1.23752121e-03 1.35867036e-02 0.00000000e+00
 0.00000000e+00 0.00000000e+00 4.52055989e-03 0.00000000e+00
 0.00000000e+00]
[0.96682743 0.00265632 0.00379537 0.         0.         0.
 0.00124876 0.00099422 0.         0.         0.00875491 0.00237261
 0.         0.00134301 0.01200737 0.         0.         0.
 0.         0.         0.        ]
[0.97997177 0.00227376 0.         0.         0.         0.
 0.         0.         0.00128461 0.00340538 0.00758846 0.00255914
 0.         0.         0.00291688 0.         0.         0.
 0.         0.         0.        ]
[9.74437144e-01 2.48316598e-03 9.93019623e-04 0.00000000e+00
 7.62659799e-04 4.90965234e-04 0.00000000e+00 2.28743653e-03
 0.00000000e+00 8.98165022e-04 6.78335388e-03 1.59308599e-03
 3.96006245e-03 0.00000000e+00 1.91820394e-03 2.54303189e-03
 0.00000000e+00 0.00000000e+00 8.49705390e-04 0.00000000e+00
 0.00000000e+00]
[0.97095315 0.00181676 0.00308661 0.00109204 0.00327778 0.
 0.         0.00259094 0.         0.         0.00505487 0.00262975
 0.00211961 0.00243922 0.00166241 0.00099825 0.         0.
 0.0022786  0.         0.        ]
[9.75529205e-01 3.71666313e-03 0.00000000e+00 0.00000000e+00
 0.00000000e+00 0.00000000e+00 0.00000000e+00 1.44074085e-03
 5.05192849e-04 1.20618493e-03 8.03488918e-03 0.00000000e+00
 2.16455656e-03 0.00000000e+00 3.37979899e-03 2.86418773e-03
 0.00000000e+00 0.00000000e+00 0.00000000e+00 0.00000000e+00
 1.15858127e-03]
[9.74401284e-01 0.00000000e+00 0.00000000e+00 1.40472233e-03
 1.03096855e-03 0.00000000e+00 5.80304848e-04 1.96619963e-03
 0.00000000e+00 3.42391692e-03 7.41787282e-03 0.00000000e+00
 3.23931554e-03 0.00000000e+00 4.02004312e-03 0.00000000e+00
 0.00000000e+00 0.00000000e+00 2.11164103e-03 0.00000000e+00
 4.03730874e-04]
[9.78208939e-01 0.00000000e+00 3.00793886e-03 0.00000000e+00
 0.00000000e+00 1.92912646e-03 1.53415804e-03 0.00000000e+00
 1.34918981e-03 9.34210739e-04 5.33487921e-03 2.01851340e-03
 1.64994972e-03 0.00000000e+00 0.00000000e+00 1.01352131e-03
 0.00000000e+00 7.23256574e-04 1.56836662e-03 0.00000000e+00
 7.27950326e-04]
[9.67542024e-01 6.58091558e-04 1.87564267e-03 1.45559439e-03
 0.00000000e+00 0.00000000e+00 0.00000000e+00 5.14413804e-03
 0.00000000e+00 0.00000000e+00 7.32971646e-03 1.65995556e-03
 8.97701689e-04 0.00000000e+00 1.23722102e-02 0.00000000e+00
 0.00000000e+00 0.00000000e+00 1.06492519e-03 0.00000000e+00
 0.00000000e+00]
[9.70178696e-01 0.00000000e+00 1.97705970e-03 9.16111955e-04
 1.22652095e-03 7.35158758e-03 1.72787373e-03 2.18639475e-03
 0.00000000e+00 0.00000000e+00 9.13960206e-03 1.60838098e-03
 0.00000000e+00 1.46039092e-03 2.22738111e-03 0.00000000e+00
 0.00000000e+00 0.00000000e+00 0.00000000e+00 0.00000000e+00
 0.00000000e+00]
[9.69502920e-01 2.53669382e-03 1.96496687e-03 0.00000000e+00
 0.00000000e+00 4.82972340e-03 0.00000000e+00 1.90065519e-03
 5.13876620e-04 0.00000000e+00 6.18417094e-03 1.98025992e-03
 2.77055898e-03 2.60026422e-03 0.00000000e+00 1.54379309e-03
 1.03555232e-03 7.52717839e-04 1.53352921e-03 0.00000000e+00
 3.50317638e-04]
[9.78898294e-01 2.40861547e-03 1.87816920e-03 0.00000000e+00
 0.00000000e+00 0.00000000e+00 0.00000000e+00 1.87809698e-03
 0.00000000e+00 0.00000000e+00 6.19566315e-03 1.86464532e-03
 0.00000000e+00 2.06706895e-03 2.53307317e-03 1.17687031e-03
 0.00000000e+00 7.77569862e-04 0.00000000e+00 0.00000000e+00
 3.21933951e-04]
[9.73117398e-01 2.63520086e-03 0.00000000e+00 0.00000000e+00
 1.07528993e-03 0.00000000e+00 7.41591110e-04 2.35207366e-03
 0.00000000e+00 1.52451491e-03 6.60483371e-03 2.46211171e-03
 0.00000000e+00 1.58878617e-03 4.75524258e-03 1.62906982e-03
 0.00000000e+00 0.00000000e+00 0.00000000e+00 0.00000000e+00
 1.51388781e-03]
[9.74467394e-01 0.00000000e+00 1.15356059e-03 8.18191682e-04
 1.42963996e-03 0.00000000e+00 0.00000000e+00 0.00000000e+00
 3.92504083e-03 0.00000000e+00 4.76014801e-03 1.57819273e-03
 1.05773363e-03 3.69405597e-03 0.00000000e+00 0.00000000e+00
 0.00000000e+00 3.55252314e-03 2.31321927e-03 0.00000000e+00
 1.25030005e-03]
[9.73921115e-01 0.00000000e+00 2.07643567e-03 0.00000000e+00
 0.00000000e+00 3.78822679e-03 5.67091118e-04 2.46149521e-03
 5.18608044e-04 2.31970834e-03 6.29824049e-03 3.26934407e-03
 0.00000000e+00 0.00000000e+00 2.00862284e-03 1.79359238e-03
 0.00000000e+00 0.00000000e+00 0.00000000e+00 0.00000000e+00
 9.77520322e-04]
[9.74473642e-01 0.00000000e+00 1.98877646e-03 0.00000000e+00
 2.45812827e-03 4.76006333e-04 2.97735338e-04 1.93434999e-03
 0.00000000e+00 0.00000000e+00 7.42405785e-03 2.01774845e-03
 2.00969053e-03 1.57915316e-03 2.34768653e-03 1.96538779e-03
 0.00000000e+00 1.02763768e-03 0.00000000e+00 0.00000000e+00
 0.00000000e+00]
[9.73606365e-01 0.00000000e+00 1.88630867e-03 2.72373576e-03
 0.00000000e+00 0.00000000e+00 0.00000000e+00 2.56712439e-03
 0.00000000e+00 2.80003094e-03 6.66843003e-03 1.54746520e-03
 1.93327839e-03 3.90687144e-03 0.00000000e+00 0.00000000e+00
 0.00000000e+00 0.00000000e+00 1.92743381e-03 0.00000000e+00
 4.32956238e-04]
[9.71183222e-01 0.00000000e+00 1.61723410e-03 0.00000000e+00
 0.00000000e+00 3.82486016e-04 0.00000000e+00 4.38440149e-03
 0.00000000e+00 2.86524926e-03 9.91885013e-03 2.69636941e-03
 1.87190809e-03 0.00000000e+00 1.37711840e-03 1.80607120e-03
 0.00000000e+00 0.00000000e+00 1.89708986e-03 0.00000000e+00
 0.00000000e+00]
[9.74588222e-01 1.62802291e-03 1.66852760e-03 1.11092105e-03
 0.00000000e+00 0.00000000e+00 0.00000000e+00 3.59630722e-03
 5.35789974e-04 0.00000000e+00 5.65893474e-03 4.03612160e-04
 6.30630388e-03 0.00000000e+00 9.06046196e-04 1.34506536e-03
 0.00000000e+00 0.00000000e+00 2.25224667e-03 0.00000000e+00
 0.00000000e+00]
[9.66966024e-01 3.07517644e-03 2.91642434e-03 1.23507692e-03
 7.83287876e-04 0.00000000e+00 0.00000000e+00 2.59642325e-03
 0.00000000e+00 0.00000000e+00 6.82530978e-03 2.50428323e-03
 0.00000000e+00 1.58514107e-03 4.25743156e-03 0.00000000e+00
 2.94588816e-03 0.00000000e+00 3.07579676e-03 0.00000000e+00
 1.23373635e-03]
[0.97756516 0.00193151 0.00231687 0.         0.         0.
 0.         0.00113432 0.         0.         0.00261628 0.00133715
 0.00210456 0.00391653 0.00242788 0.         0.         0.
 0.00227839 0.         0.00237134]
[9.78000687e-01 1.19549596e-03 2.41137791e-03 0.00000000e+00
 1.43009083e-03 1.09832736e-03 0.00000000e+00 0.00000000e+00
 8.74845295e-04 0.00000000e+00 8.98418243e-03 2.89597051e-03
 0.00000000e+00 0.00000000e+00 5.90639581e-04 1.16106025e-03
 0.00000000e+00 0.00000000e+00 0.00000000e+00 9.36526952e-04
 4.20795575e-04]
[9.68246023e-01 2.86052894e-03 2.61352170e-03 1.23984532e-03
 2.28947690e-03 2.31021534e-03 7.64483431e-04 1.23425773e-03
 0.00000000e+00 0.00000000e+00 6.33855804e-03 2.14573911e-03
 0.00000000e+00 2.63670712e-03 2.51215848e-03 1.47102543e-03
 2.90488510e-03 0.00000000e+00 0.00000000e+00 0.00000000e+00
 4.32574069e-04]
[0.97066501 0.         0.0011711  0.         0.         0.
 0.         0.00219958 0.00135818 0.00313328 0.01354832 0.
 0.         0.00256684 0.00251409 0.         0.0028436  0.
 0.         0.         0.        ]
[9.74265164e-01 1.62655379e-03 1.08584359e-03 0.00000000e+00
 1.28244930e-03 0.00000000e+00 0.00000000e+00 2.59089431e-03
 4.74558367e-03 0.00000000e+00 9.18311226e-03 1.89586322e-03
 9.55185790e-04 1.53718721e-03 0.00000000e+00 0.00000000e+00
 0.00000000e+00 0.00000000e+00 0.00000000e+00 0.00000000e+00
 8.32163262e-04]
[9.74973668e-01 2.65922608e-03 3.08898936e-03 0.00000000e+00
 2.02872594e-03 3.72030969e-04 1.02838067e-03 4.57315817e-03
 0.00000000e+00 0.00000000e+00 6.20540137e-03 2.74084826e-03
 0.00000000e+00 1.57340704e-03 0.00000000e+00 0.00000000e+00
 0.00000000e+00 0.00000000e+00 0.00000000e+00 0.00000000e+00
 7.56164460e-04]
[0.96967312 0.0047293  0.0084818  0.0016177  0.         0.
 0.         0.         0.00175053 0.         0.004084   0.
 0.00252338 0.00199167 0.00320808 0.         0.         0.
 0.00194041 0.         0.        ]
[9.74032384e-01 1.28892574e-03 3.04933460e-03 0.00000000e+00
 0.00000000e+00 0.00000000e+00 0.00000000e+00 2.51756386e-03
 0.00000000e+00 0.00000000e+00 1.11123978e-02 0.00000000e+00
 3.39151006e-03 2.25482729e-03 7.27624946e-04 0.00000000e+00
 0.00000000e+00 0.00000000e+00 0.00000000e+00 4.33754515e-04
 1.19167686e-03]
[0.97107645 0.00340446 0.         0.         0.         0.00174224
 0.         0.00160106 0.         0.00424472 0.00443666 0.00347579
 0.         0.         0.00362909 0.00143341 0.00318753 0.
 0.00176859 0.         0.        ]
[0.97509011 0.00281864 0.00169593 0.         0.00113052 0.
 0.         0.         0.00257791 0.         0.00948209 0.
 0.0021741  0.         0.00195124 0.00210148 0.         0.00097799
 0.         0.         0.        ]
[9.74626711e-01 8.71193650e-04 1.32918939e-03 2.08960574e-03
 0.00000000e+00 4.33529626e-03 0.00000000e+00 0.00000000e+00
 3.60004896e-03 0.00000000e+00 3.92526617e-03 0.00000000e+00
 2.99577380e-03 4.03232005e-03 2.19459517e-03 0.00000000e+00
 0.00000000e+00 0.00000000e+00 0.00000000e+00 0.00000000e+00
 0.00000000e+00]
[9.76621875e-01 0.00000000e+00 1.67650810e-03 1.24091804e-03
 0.00000000e+00 4.22867979e-04 0.00000000e+00 3.63231577e-03
 0.00000000e+00 0.00000000e+00 9.80196021e-03 0.00000000e+00
 2.07611937e-03 1.37009519e-03 2.06803421e-03 1.08930635e-03
 0.00000000e+00 0.00000000e+00 0.00000000e+00 0.00000000e+00
 0.00000000e+00]
[9.77266188e-01 0.00000000e+00 3.04926283e-03 0.00000000e+00
 2.79422583e-03 0.00000000e+00 0.00000000e+00 0.00000000e+00
 2.56629011e-03 0.00000000e+00 6.06243478e-03 2.20768948e-03
 1.63734987e-03 2.04985864e-03 0.00000000e+00 1.42848606e-03
 0.00000000e+00 9.38214880e-04 0.00000000e+00 0.00000000e+00
 0.00000000e+00]
[9.74277180e-01 0.00000000e+00 2.05048083e-03 1.50904238e-03
 6.42756313e-04 0.00000000e+00 0.00000000e+00 0.00000000e+00
 2.12267206e-03 1.66840486e-03 8.64456107e-03 0.00000000e+00
 2.10369140e-03 4.35455250e-03 1.93469335e-03 0.00000000e+00
 0.00000000e+00 6.91964995e-04 0.00000000e+00 0.00000000e+00
 0.00000000e+00]
[0.97404681 0.00226961 0.00262994 0.00301919 0.         0.
 0.         0.00221115 0.         0.00187252 0.00186254 0.00290008
 0.00175549 0.         0.00340103 0.00148905 0.         0.
 0.         0.         0.0025426 ]
[9.67427840e-01 3.71251715e-03 1.08713378e-03 1.29029456e-03
 0.00000000e+00 2.71875615e-03 0.00000000e+00 0.00000000e+00
 4.04190905e-03 0.00000000e+00 8.71739684e-03 0.00000000e+00
 6.01635172e-03 4.38918283e-03 0.00000000e+00 0.00000000e+00
 5.98617621e-04 0.00000000e+00 0.00000000e+00 0.00000000e+00
 0.00000000e+00]
[0.9730053  0.00303609 0.         0.00107077 0.0014839  0.00181104
 0.         0.00261224 0.         0.00103446 0.00755963 0.00231737
 0.         0.00187322 0.00261045 0.         0.         0.00158553
 0.         0.         0.        ]
[0.96012502 0.         0.00335293 0.         0.         0.00162035
