Namespace(model='DecisionTree', alpha=1.0, max_depth=5, min_samples_split=2, min_samples_leaf=1, target_dim=20, start_year=1996, end_year=1998, seed=42, epoch=400, test_size=0.2, iter=16384, time=time.struct_time(tm_year=2025, tm_mon=3, tm_mday=23, tm_hour=15, tm_min=12, tm_sec=45, tm_wday=6, tm_yday=82, tm_isdst=0), output_dir='../Result/DecisionTree_1996_1998_0323-151245/', log=<_io.TextIOWrapper name='../Result/DecisionTree_1996_1998_0323-151245/log.txt' mode='w' encoding='UTF-8'>)
NMF Non-zero rate = 0.288621%; NMF Error = 3.924092/11.443649.
[9.75057659e-01 4.86567327e-03 5.23930020e-03 3.20466320e-04
 0.00000000e+00 0.00000000e+00 2.84840208e-03 2.79409246e-03
 8.14222311e-04 2.39155150e-03 0.00000000e+00 0.00000000e+00
 0.00000000e+00 0.00000000e+00 3.94659495e-03 0.00000000e+00
 0.00000000e+00 0.00000000e+00 1.72203779e-03 0.00000000e+00
 0.00000000e+00]
[9.75726096e-01 0.00000000e+00 2.70904824e-03 0.00000000e+00
 8.54281642e-04 1.91471324e-03 3.02840360e-03 2.20788870e-03
 1.50456260e-03 2.41551050e-03 0.00000000e+00 0.00000000e+00
 0.00000000e+00 0.00000000e+00 4.38579072e-03 0.00000000e+00
 1.51940990e-03 2.38773991e-03 0.00000000e+00 7.78760723e-04
 5.67794680e-04]
[0.97373201 0.00471601 0.00272826 0.         0.         0.
 0.00504885 0.00349446 0.         0.         0.0022064  0.
 0.         0.         0.0031162  0.         0.         0.00238718
 0.         0.00144909 0.00112154]
[9.67261585e-01 4.53062397e-03 7.88642137e-04 0.00000000e+00
 4.17398939e-03 0.00000000e+00 8.23874940e-03 1.79573338e-03
 0.00000000e+00 2.42300897e-03 8.07415580e-04 0.00000000e+00
 0.00000000e+00 0.00000000e+00 4.47422004e-03 0.00000000e+00
 6.77642039e-04 7.18871695e-04 0.00000000e+00 2.28012029e-03
 1.82939852e-03]
[9.71736724e-01 4.06678131e-03 2.73117174e-03 0.00000000e+00
 0.00000000e+00 0.00000000e+00 1.05623724e-02 3.67976743e-03
 0.00000000e+00 0.00000000e+00 0.00000000e+00 0.00000000e+00
 0.00000000e+00 0.00000000e+00 2.35391196e-03 0.00000000e+00
 7.76050615e-04 0.00000000e+00 0.00000000e+00 6.31763065e-04
 3.46145781e-03]
[9.69438589e-01 1.05382462e-03 0.00000000e+00 0.00000000e+00
 0.00000000e+00 0.00000000e+00 8.11852872e-03 5.38055951e-03
 0.00000000e+00 2.72242187e-03 6.23044077e-03 4.34467708e-04
 0.00000000e+00 1.06423380e-03 4.30772860e-03 0.00000000e+00
 0.00000000e+00 0.00000000e+00 0.00000000e+00 1.24920491e-03
 0.00000000e+00]
[9.57269006e-01 4.18663482e-03 2.66971592e-03 0.00000000e+00
 1.28668379e-03 0.00000000e+00 7.58418454e-03 2.49408594e-03
 0.00000000e+00 0.00000000e+00 0.00000000e+00 1.05001534e-03
 7.18393087e-04 0.00000000e+00 5.03613397e-03 1.68422557e-02
 0.00000000e+00 0.00000000e+00 0.00000000e+00 8.62890460e-04
 0.00000000e+00]
[0.95787864 0.0063745  0.00102511 0.         0.00199851 0.
 0.0049879  0.         0.00241963 0.00272671 0.00157673 0.
 0.         0.         0.02101229 0.         0.         0.
 0.         0.         0.        ]
[9.69561781e-01 3.17701933e-03 4.28308425e-03 2.49622391e-04
 0.00000000e+00 0.00000000e+00 8.28945086e-03 3.41681983e-03
 1.65223226e-03 0.00000000e+00 4.36823268e-04 0.00000000e+00
 0.00000000e+00 0.00000000e+00 4.42126639e-03 0.00000000e+00
 4.11668601e-04 0.00000000e+00 0.00000000e+00 2.48675542e-03
 1.61347667e-03]
[9.68775248e-01 6.10766649e-03 3.99391449e-03 0.00000000e+00
 0.00000000e+00 0.00000000e+00 8.42804964e-03 2.02337073e-03
 5.29363909e-04 4.90920659e-03 3.06992888e-03 0.00000000e+00
 0.00000000e+00 0.00000000e+00 1.25989952e-03 0.00000000e+00
 9.03351811e-04 0.00000000e+00 0.00000000e+00 0.00000000e+00
 0.00000000e+00]
[0.95663434 0.00449565 0.00270393 0.         0.         0.
 0.00215891 0.00118458 0.         0.00242822 0.00234319 0.
 0.         0.         0.00497169 0.01609582 0.00110836 0.00102646
 0.         0.00253815 0.0023107 ]
[9.70246253e-01 5.10458921e-03 0.00000000e+00 0.00000000e+00
 0.00000000e+00 0.00000000e+00 9.94846018e-03 5.33138390e-03
 5.37079049e-04 1.63308958e-03 0.00000000e+00 7.04696973e-04
 0.00000000e+00 0.00000000e+00 3.94280660e-03 1.68523583e-03
 0.00000000e+00 0.00000000e+00 0.00000000e+00 8.66406027e-04
 0.00000000e+00]
[0.9722612  0.00521075 0.         0.         0.00569204 0.
 0.01087307 0.         0.         0.         0.00190818 0.
 0.         0.         0.00239727 0.         0.0016575  0.
 0.         0.         0.        ]
[9.69173057e-01 5.35957234e-03 3.95665317e-03 8.24475614e-04
 0.00000000e+00 0.00000000e+00 7.77034243e-03 4.66474011e-03
 0.00000000e+00 1.98778293e-03 0.00000000e+00 6.10003055e-04
 0.00000000e+00 0.00000000e+00 0.00000000e+00 0.00000000e+00
 1.03317963e-03 6.41390090e-04 0.00000000e+00 0.00000000e+00
 3.97880340e-03]
[9.58519279e-01 3.75334843e-03 3.85904586e-03 0.00000000e+00
 4.67062930e-04 0.00000000e+00 9.35084480e-03 0.00000000e+00
 6.26586262e-04 0.00000000e+00 7.85118970e-04 0.00000000e+00
 1.19707908e-03 0.00000000e+00 1.82624999e-02 0.00000000e+00
 3.91607659e-04 0.00000000e+00 0.00000000e+00 0.00000000e+00
 2.78752749e-03]
[9.69572488e-01 4.88334097e-03 2.65315018e-03 5.00289056e-04
 7.88172513e-04 0.00000000e+00 4.25729263e-03 2.82762103e-03
 4.57595543e-04 1.79196005e-03 3.57540836e-03 0.00000000e+00
 0.00000000e+00 0.00000000e+00 0.00000000e+00 0.00000000e+00
 5.85012354e-04 0.00000000e+00 6.57082215e-03 1.53684719e-03
 0.00000000e+00]
[9.51556787e-01 3.89008502e-03 0.00000000e+00 5.37733231e-03
 3.36305984e-03 0.00000000e+00 7.64617209e-03 2.83623438e-03
 1.63260665e-03 2.35183118e-03 0.00000000e+00 0.00000000e+00
 1.61486729e-03 0.00000000e+00 1.26065736e-03 1.66785563e-02
 0.00000000e+00 0.00000000e+00 0.00000000e+00 9.01908261e-04
 8.89902622e-04]
[9.75867281e-01 5.18053661e-03 2.70292773e-03 0.00000000e+00
 5.55291993e-03 5.54422068e-04 5.12663029e-03 0.00000000e+00
 0.00000000e+00 0.00000000e+00 0.00000000e+00 0.00000000e+00
 0.00000000e+00 0.00000000e+00 3.79254989e-03 0.00000000e+00
 0.00000000e+00 0.00000000e+00 0.00000000e+00 1.22273279e-03
 0.00000000e+00]
[0.9686083  0.00434181 0.         0.         0.         0.
 0.00856313 0.00723848 0.         0.00243496 0.00329559 0.00133705
 0.00137903 0.         0.00164075 0.         0.0011609  0.
 0.         0.         0.        ]
[9.56807751e-01 6.03520427e-03 0.00000000e+00 0.00000000e+00
 0.00000000e+00 0.00000000e+00 1.93400471e-03 4.01818426e-03
 0.00000000e+00 2.41263598e-03 1.69811321e-03 0.00000000e+00
 2.36143253e-03 0.00000000e+00 1.94097162e-02 7.82871512e-04
 0.00000000e+00 5.42181689e-04 1.77252648e-04 1.87627142e-03
 1.94438076e-03]
[9.60495554e-01 5.82790451e-03 0.00000000e+00 1.66609641e-02
 7.94920110e-04 0.00000000e+00 2.55859006e-03 2.82639940e-03
 1.00368584e-03 2.37107046e-03 0.00000000e+00 0.00000000e+00
 0.00000000e+00 0.00000000e+00 5.10290542e-03 0.00000000e+00
 0.00000000e+00 0.00000000e+00 1.77121426e-03 5.86791706e-04
 0.00000000e+00]
[9.60073209e-01 4.84718396e-03 0.00000000e+00 0.00000000e+00
 0.00000000e+00 1.61665389e-02 6.08958301e-03 2.57346909e-03
 1.00588599e-03 5.32549218e-04 6.50541427e-04 0.00000000e+00
 0.00000000e+00 0.00000000e+00 6.04453232e-03 0.00000000e+00
 0.00000000e+00 9.13479284e-04 0.00000000e+00 0.00000000e+00
 1.10302770e-03]
[9.73368553e-01 1.49255455e-03 0.00000000e+00 0.00000000e+00
 1.11756946e-03 0.00000000e+00 1.03956235e-02 4.17018467e-03
 8.06696139e-04 2.40411246e-03 2.18826799e-03 4.28540880e-04
 0.00000000e+00 0.00000000e+00 1.29764163e-03 5.58243821e-04
 0.00000000e+00 1.77201153e-03 0.00000000e+00 0.00000000e+00
 0.00000000e+00]
[9.57041389e-01 5.28057517e-03 3.81537997e-03 3.10389607e-04
 4.22301209e-03 0.00000000e+00 4.99697911e-03 0.00000000e+00
 0.00000000e+00 0.00000000e+00 1.51396282e-03 0.00000000e+00
 0.00000000e+00 0.00000000e+00 2.31932549e-03 1.67718662e-02
 2.05304953e-03 6.49027689e-04 0.00000000e+00 1.02504326e-03
 0.00000000e+00]
[9.50901907e-01 4.99532290e-03 0.00000000e+00 0.00000000e+00
 4.55965580e-04 1.79963208e-02 2.68183213e-03 9.67142908e-03
 1.13217929e-03 2.34912286e-03 2.11680403e-03 0.00000000e+00
 0.00000000e+00 0.00000000e+00 3.55012886e-03 6.60074060e-04
 0.00000000e+00 8.80053463e-04 2.60885991e-03 0.00000000e+00
 0.00000000e+00]
[9.64493739e-01 3.42801588e-03 2.64933079e-03 0.00000000e+00
 4.15537599e-03 1.18891004e-03 8.47758009e-03 1.81191443e-03
 0.00000000e+00 2.45116947e-03 0.00000000e+00 0.00000000e+00
 0.00000000e+00 0.00000000e+00 5.47977046e-03 2.53908958e-03
 2.36988674e-03 0.00000000e+00 0.00000000e+00 0.00000000e+00
 9.55217914e-04]
[9.75863501e-01 3.69481377e-03 0.00000000e+00 0.00000000e+00
 3.28200397e-03 0.00000000e+00 1.10716458e-02 0.00000000e+00
 0.00000000e+00 0.00000000e+00 2.05465869e-03 0.00000000e+00
 4.03764879e-04 0.00000000e+00 0.00000000e+00 0.00000000e+00
 1.77317155e-03 7.02219222e-04 0.00000000e+00 0.00000000e+00
 1.15422098e-03]
[9.76342441e-01 5.09197642e-03 2.80014447e-03 5.41296405e-04
 2.52707434e-03 0.00000000e+00 4.93682439e-03 0.00000000e+00
 8.47757341e-04 0.00000000e+00 0.00000000e+00 9.51854063e-04
 2.01739337e-03 0.00000000e+00 6.67197953e-04 0.00000000e+00
 0.00000000e+00 1.59887187e-03 0.00000000e+00 1.67716870e-03
 0.00000000e+00]
[9.54721008e-01 6.71922230e-03 2.65743424e-03 0.00000000e+00
 4.04432432e-03 6.96965650e-04 2.20683113e-03 3.19120652e-03
 0.00000000e+00 2.39749284e-03 2.00356326e-03 6.61599082e-04
 1.72787203e-03 0.00000000e+00 1.71599064e-02 0.00000000e+00
 0.00000000e+00 0.00000000e+00 1.41547888e-03 3.97095732e-04
 0.00000000e+00]
[9.69674348e-01 4.96921671e-03 2.80000390e-03 0.00000000e+00
 1.85008084e-03 0.00000000e+00 9.80950420e-03 2.13904896e-03
 7.80391972e-04 1.57138356e-03 0.00000000e+00 0.00000000e+00
 0.00000000e+00 0.00000000e+00 2.24731680e-03 0.00000000e+00
 3.02389208e-03 0.00000000e+00 0.00000000e+00 0.00000000e+00
 1.13481333e-03]
[0.96860373 0.0046091  0.         0.         0.00209596 0.
 0.00949267 0.00531371 0.         0.00247067 0.00149165 0.
 0.         0.         0.00422218 0.         0.00170033 0.
 0.         0.         0.        ]
[9.69359920e-01 5.17125580e-03 2.74882762e-03 2.77901008e-04
 2.60345887e-03 0.00000000e+00 4.39898364e-03 0.00000000e+00
 0.00000000e+00 0.00000000e+00 7.90888883e-03 0.00000000e+00
 0.00000000e+00 0.00000000e+00 5.98460313e-03 0.00000000e+00
 7.79888784e-04 0.00000000e+00 0.00000000e+00 7.66272581e-04
 0.00000000e+00]
[9.81158197e-01 2.92931433e-03 2.65406602e-03 0.00000000e+00
 0.00000000e+00 0.00000000e+00 4.67386611e-03 0.00000000e+00
 0.00000000e+00 0.00000000e+00 3.00396506e-04 0.00000000e+00
 0.00000000e+00 0.00000000e+00 5.08808322e-03 0.00000000e+00
 0.00000000e+00 0.00000000e+00 3.19607665e-03 0.00000000e+00
 0.00000000e+00]
[9.74888111e-01 3.89889014e-03 0.00000000e+00 0.00000000e+00
 0.00000000e+00 0.00000000e+00 9.82090488e-03 2.72132827e-03
 0.00000000e+00 0.00000000e+00 0.00000000e+00 5.61714054e-04
 0.00000000e+00 0.00000000e+00 2.79563126e-03 0.00000000e+00
 1.18411528e-03 9.34260729e-04 0.00000000e+00 1.23903697e-03
 1.95600727e-03]
[9.71623781e-01 4.55591272e-03 2.69508202e-03 8.34185641e-04
 1.62449884e-03 0.00000000e+00 7.61384957e-03 1.71601324e-03
 7.03870646e-04 2.40736798e-03 0.00000000e+00 0.00000000e+00
 0.00000000e+00 1.06869033e-03 2.60935758e-03 0.00000000e+00
 0.00000000e+00 0.00000000e+00 0.00000000e+00 7.59830519e-04
 1.78755987e-03]
[0.95265553 0.00519323 0.         0.01614194 0.         0.
 0.00773339 0.00792218 0.00212183 0.00234787 0.00205696 0.00137346
 0.         0.         0.00245361 0.         0.         0.
 0.         0.         0.        ]
[9.73708881e-01 3.91214637e-03 0.00000000e+00 4.52527421e-04
 1.40218809e-03 1.34998279e-03 1.04953068e-02 0.00000000e+00
 7.08625210e-04 0.00000000e+00 7.24384944e-04 0.00000000e+00
 0.00000000e+00 0.00000000e+00 3.16220224e-03 0.00000000e+00
 1.93842461e-03 0.00000000e+00 0.00000000e+00 0.00000000e+00
 2.14533056e-03]
[0.97297087 0.00544986 0.00326196 0.         0.         0.
 0.00784785 0.         0.0014468  0.00248579 0.         0.
 0.         0.         0.00243036 0.         0.00148839 0.
 0.         0.         0.00261813]
[9.73049495e-01 6.30648766e-03 1.09169860e-03 0.00000000e+00
 2.63366794e-03 0.00000000e+00 4.18883390e-03 1.74342847e-03
 0.00000000e+00 2.44897817e-03 1.51625612e-03 0.00000000e+00
 0.00000000e+00 0.00000000e+00 4.82620224e-03 5.80859495e-04
 1.61409253e-03 0.00000000e+00 0.00000000e+00 0.00000000e+00
 0.00000000e+00]
[9.76496441e-01 4.91080990e-04 4.70652879e-03 0.00000000e+00
 0.00000000e+00 6.33116754e-04 3.64956254e-03 2.97238107e-03
 0.00000000e+00 2.45886592e-03 3.02374151e-03 0.00000000e+00
 0.00000000e+00 0.00000000e+00 7.93402920e-04 6.98016324e-04
 3.18875581e-03 0.00000000e+00 0.00000000e+00 0.00000000e+00
 8.88106850e-04]
[9.71021568e-01 5.21455397e-03 2.67537159e-03 0.00000000e+00
 7.35371839e-04 0.00000000e+00 7.84826825e-03 3.60557170e-03
 0.00000000e+00 0.00000000e+00 0.00000000e+00 9.70355035e-05
 9.22405205e-04 0.00000000e+00 2.74755188e-03 1.64465030e-03
 0.00000000e+00 0.00000000e+00 1.22553905e-03 6.70899164e-04
 1.59121314e-03]
[9.74864554e-01 5.00127464e-03 3.38282810e-03 1.09526967e-03
 2.55401122e-03 0.00000000e+00 5.40885039e-03 0.00000000e+00
 0.00000000e+00 1.52866881e-03 0.00000000e+00 0.00000000e+00
 0.00000000e+00 0.00000000e+00 2.62312933e-03 0.00000000e+00
 4.87602786e-04 7.28366823e-04 0.00000000e+00 1.39521672e-03
 9.30227106e-04]
[9.70218494e-01 1.23756839e-03 2.63674363e-03 0.00000000e+00
 5.38488508e-03 2.41198629e-03 3.73896149e-03 5.75762137e-03
 0.00000000e+00 0.00000000e+00 2.00551295e-03 0.00000000e+00
 1.50350063e-03 0.00000000e+00 2.44533946e-03 6.55789528e-04
 0.00000000e+00 0.00000000e+00 0.00000000e+00 0.00000000e+00
 2.00359755e-03]
[9.72979356e-01 5.01081552e-03 2.84375631e-03 0.00000000e+00
 0.00000000e+00 0.00000000e+00 1.07883816e-02 0.00000000e+00
 1.20430095e-03 0.00000000e+00 1.81805373e-03 0.00000000e+00
 0.00000000e+00 0.00000000e+00 0.00000000e+00 0.00000000e+00
 0.00000000e+00 8.02076834e-04 0.00000000e+00 0.00000000e+00
 4.55325896e-03]
[9.57782909e-01 3.57927004e-03 2.65685436e-03 0.00000000e+00
 1.31405952e-03 0.00000000e+00 5.55131526e-03 2.79927199e-03
 0.00000000e+00 0.00000000e+00 4.01882455e-03 0.00000000e+00
 0.00000000e+00 0.00000000e+00 1.93779974e-02 0.00000000e+00
 4.09723173e-04 9.46517985e-04 1.56325663e-03 0.00000000e+00
 0.00000000e+00]
[9.76377513e-01 4.73252233e-03 0.00000000e+00 0.00000000e+00
 0.00000000e+00 0.00000000e+00 1.04610868e-02 1.82231586e-03
 0.00000000e+00 4.02378925e-04 6.27405339e-04 0.00000000e+00
 0.00000000e+00 0.00000000e+00 3.44603055e-03 0.00000000e+00
 2.13074734e-03 0.00000000e+00 0.00000000e+00 0.00000000e+00
 0.00000000e+00]
[9.76786288e-01 4.04826323e-03 0.00000000e+00 0.00000000e+00
 4.13919850e-03 0.00000000e+00 9.41662634e-03 0.00000000e+00
 0.00000000e+00 0.00000000e+00 1.57891339e-03 0.00000000e+00
 0.00000000e+00 1.39674991e-03 6.25818017e-04 0.00000000e+00
 0.00000000e+00 9.56458340e-04 0.00000000e+00 1.05168412e-03
 0.00000000e+00]
[9.68701104e-01 3.69989676e-03 2.73169243e-03 0.00000000e+00
 3.36246317e-03 0.00000000e+00 4.12805270e-03 5.65859199e-03
 4.70118784e-04 4.87096461e-03 3.24411263e-03 0.00000000e+00
 0.00000000e+00 0.00000000e+00 2.08607587e-03 0.00000000e+00
 1.04692691e-03 0.00000000e+00 0.00000000e+00 0.00000000e+00
 0.00000000e+00]
[0.95464074 0.00583528 0.00424891 0.01646429 0.         0.
 0.00209366 0.00347595 0.00162072 0.00239601 0.         0.
 0.         0.         0.0076257  0.         0.         0.
 0.00159873 0.         0.        ]
[9.72985816e-01 5.52539219e-03 3.77088049e-03 0.00000000e+00
 0.00000000e+00 0.00000000e+00 8.54544098e-03 1.56871848e-03
 1.28540734e-03 1.93494555e-03 0.00000000e+00 0.00000000e+00
 0.00000000e+00 0.00000000e+00 3.41445874e-03 0.00000000e+00
 9.68940234e-04 0.00000000e+00 0.00000000e+00 0.00000000e+00
 0.00000000e+00]
[9.55219213e-01 4.72010784e-03 2.64784537e-03 1.66062085e-02
 2.00199862e-03 7.08704022e-04 8.13026266e-03 0.00000000e+00
 0.00000000e+00 1.73057405e-03 0.00000000e+00 6.64211585e-04
 0.00000000e+00 0.00000000e+00 5.20357727e-03 0.00000000e+00
 0.00000000e+00 0.00000000e+00 1.08341012e-03 0.00000000e+00
 1.28388717e-03]
[9.70950094e-01 0.00000000e+00 2.72254849e-03 0.00000000e+00
 4.51767225e-03 0.00000000e+00 8.11084486e-03 3.40728409e-03
 1.29798003e-03 0.00000000e+00 4.43011018e-04 0.00000000e+00
 0.00000000e+00 0.00000000e+00 6.52708070e-03 0.00000000e+00
 0.00000000e+00 0.00000000e+00 0.00000000e+00 4.38195534e-04
 1.58528894e-03]
[9.56709880e-01 3.08110894e-03 2.61164270e-03 9.95123663e-04
 0.00000000e+00 1.84030152e-02 4.47237056e-03 0.00000000e+00
 9.57777785e-04 4.43356958e-03 1.04686376e-03 0.00000000e+00
 0.00000000e+00 6.91558601e-04 2.41918935e-03 4.55055875e-04
 1.49509967e-03 0.00000000e+00 0.00000000e+00 0.00000000e+00
 2.22774436e-03]
[9.56188660e-01 3.06679293e-03 2.72078309e-03 0.00000000e+00
 1.63427832e-03 0.00000000e+00 2.52603258e-03 6.46137708e-03
 9.73780702e-04 1.83804236e-03 0.00000000e+00 0.00000000e+00
 0.00000000e+00 0.00000000e+00 2.22913590e-02 0.00000000e+00
 7.82454761e-04 0.00000000e+00 0.00000000e+00 0.00000000e+00
 1.51643906e-03]
[9.54686949e-01 7.38936137e-03 2.70701399e-03 0.00000000e+00
 1.83068698e-03 0.00000000e+00 5.28251842e-03 0.00000000e+00
 0.00000000e+00 0.00000000e+00 7.52820862e-03 0.00000000e+00
 0.00000000e+00 0.00000000e+00 1.77385577e-02 0.00000000e+00
 7.10919949e-04 6.43444544e-04 1.48233955e-03 0.00000000e+00
 0.00000000e+00]
[9.67691656e-01 0.00000000e+00 3.89480955e-03 1.18150711e-03
 7.78980490e-03 0.00000000e+00 4.55174416e-03 0.00000000e+00
 0.00000000e+00 1.52818512e-03 0.00000000e+00 6.76655231e-04
 1.97540037e-03 0.00000000e+00 7.32376309e-03 0.00000000e+00
 2.16457870e-03 1.22189588e-03 0.00000000e+00 0.00000000e+00
 0.00000000e+00]
[9.80470139e-01 0.00000000e+00 0.00000000e+00 0.00000000e+00
 1.18529199e-03 0.00000000e+00 4.29572541e-03 0.00000000e+00
 6.57757062e-04 2.52468624e-03 3.47621304e-03 0.00000000e+00
 1.18576280e-03 1.56834705e-03 2.17884326e-03 0.00000000e+00
 6.61670281e-04 0.00000000e+00 0.00000000e+00 0.00000000e+00
 1.79556343e-03]
[9.73196658e-01 3.52456504e-03 2.69629228e-03 0.00000000e+00
 3.46164692e-03 0.00000000e+00 1.26005182e-03 6.34462566e-03
 0.00000000e+00 0.00000000e+00 0.00000000e+00 5.46212337e-04
 0.00000000e+00 0.00000000e+00 2.05914509e-03 3.79874638e-04
 0.00000000e+00 6.22270210e-04 0.00000000e+00 2.39533140e-03
 3.51332694e-03]
[9.73430398e-01 4.86500883e-03 2.69817606e-03 0.00000000e+00
 1.67478451e-03 0.00000000e+00 8.61313450e-03 2.22517611e-03
 3.17706377e-04 2.44436031e-03 1.84411594e-03 0.00000000e+00
 0.00000000e+00 0.00000000e+00 1.56103582e-03 0.00000000e+00
 0.00000000e+00 0.00000000e+00 3.26103174e-04 0.00000000e+00
 0.00000000e+00]
[9.67777874e-01 3.66912915e-03 2.67215494e-03 0.00000000e+00
 2.59697003e-03 0.00000000e+00 4.91749994e-03 3.77295364e-03
 3.51231273e-04 2.41499575e-03 3.33958671e-03 0.00000000e+00
 0.00000000e+00 1.54145633e-03 3.54938499e-03 0.00000000e+00
 3.87066970e-04 0.00000000e+00 0.00000000e+00 0.00000000e+00
 3.00969621e-03]
[9.68664456e-01 4.57669593e-03 3.99573216e-03 0.00000000e+00
 4.40245225e-03 0.00000000e+00 1.54890345e-03 8.17848685e-04
 0.00000000e+00 5.75144024e-03 0.00000000e+00 0.00000000e+00
 0.00000000e+00 0.00000000e+00 5.15350574e-03 9.06270084e-04
 0.00000000e+00 9.64006076e-04 0.00000000e+00 0.00000000e+00
 3.21868915e-03]
[9.73396218e-01 4.64620216e-03 2.74313557e-03 0.00000000e+00
 9.48315200e-04 0.00000000e+00 8.27942143e-03 0.00000000e+00
 1.48495886e-03 0.00000000e+00 0.00000000e+00 0.00000000e+00
 0.00000000e+00 0.00000000e+00 3.99099420e-03 0.00000000e+00
 0.00000000e+00 2.43980630e-03 0.00000000e+00 8.72990785e-04
 1.19795736e-03]
[9.62159618e-01 3.33590712e-03 9.59722836e-04 1.71083917e-02
 0.00000000e+00 0.00000000e+00 3.08892628e-03 1.77914049e-03
 0.00000000e+00 2.42840112e-03 1.91411845e-03 0.00000000e+00
 0.00000000e+00 1.03078595e-03 2.89868809e-03 0.00000000e+00
 0.00000000e+00 0.00000000e+00 0.00000000e+00 2.44698493e-03
 8.49315259e-04]
[9.75345981e-01 5.12220981e-03 0.00000000e+00 0.00000000e+00
 0.00000000e+00 0.00000000e+00 1.05434155e-02 0.00000000e+00
 8.23836904e-04 2.02725247e-03 0.00000000e+00 0.00000000e+00
 0.00000000e+00 0.00000000e+00 3.02834142e-03 0.00000000e+00
 1.54050641e-03 0.00000000e+00 0.00000000e+00 1.56845617e-03
 0.00000000e+00]
[0.97704072 0.         0.00263359 0.         0.         0.
 0.00132544 0.00116966 0.         0.00440989 0.00687692 0.
 0.         0.         0.0021474  0.         0.00122054 0.00108715
 0.         0.         0.00208869]
[9.60536305e-01 4.44926059e-03 0.00000000e+00 0.00000000e+00
 5.35457691e-04 0.00000000e+00 1.04096778e-02 0.00000000e+00
 8.40649399e-04 0.00000000e+00 0.00000000e+00 0.00000000e+00
 0.00000000e+00 1.02061364e-03 5.25031630e-03 1.69577198e-02
 0.00000000e+00 0.00000000e+00 0.00000000e+00 0.00000000e+00
 0.00000000e+00]
[9.78553492e-01 4.34276657e-03 0.00000000e+00 0.00000000e+00
 2.62812778e-03 0.00000000e+00 0.00000000e+00 1.52438538e-03
 0.00000000e+00 2.41515204e-03 9.23785222e-04 0.00000000e+00
 1.47846532e-03 0.00000000e+00 4.39969553e-03 0.00000000e+00
 1.18333086e-03 0.00000000e+00 0.00000000e+00 1.24556976e-03
 1.30522936e-03]
[9.59484444e-01 3.45886520e-03 2.90468624e-03 0.00000000e+00
 7.11699125e-04 1.70509581e-02 4.23573776e-03 3.68984457e-03
 0.00000000e+00 2.37094943e-03 2.81121206e-03 0.00000000e+00
 1.10146731e-03 0.00000000e+00 9.44707479e-04 0.00000000e+00
 1.23542860e-03 0.00000000e+00 0.00000000e+00 0.00000000e+00
 0.00000000e+00]
[9.57061962e-01 3.87895109e-03 2.70402086e-03 0.00000000e+00
 3.09134146e-03 0.00000000e+00 2.48362056e-03 2.80965808e-03
 0.00000000e+00 0.00000000e+00 2.56140658e-03 0.00000000e+00
 0.00000000e+00 0.00000000e+00 6.16034008e-03 1.75107548e-02
 1.30733776e-03 0.00000000e+00 0.00000000e+00 4.30606981e-04
 0.00000000e+00]
[9.75495402e-01 4.09403863e-03 2.61239281e-03 0.00000000e+00
 5.24722599e-04 0.00000000e+00 5.69794095e-03 3.89648236e-03
 2.78483875e-03 0.00000000e+00 2.29791889e-03 0.00000000e+00
 0.00000000e+00 0.00000000e+00 2.59626305e-03 0.00000000e+00
 0.00000000e+00 0.00000000e+00 0.00000000e+00 0.00000000e+00
 0.00000000e+00]
[9.69367656e-01 5.04097919e-03 2.69734921e-03 0.00000000e+00
 0.00000000e+00 0.00000000e+00 7.61817148e-03 5.70945962e-03
 3.85541712e-04 2.42493910e-03 0.00000000e+00 0.00000000e+00
 0.00000000e+00 0.00000000e+00 1.49964356e-03 5.53288762e-04
 0.00000000e+00 0.00000000e+00 1.86478264e-03 0.00000000e+00
 2.83818859e-03]
[9.68009348e-01 5.94818341e-03 6.83003929e-03 0.00000000e+00
 0.00000000e+00 0.00000000e+00 7.96757870e-03 3.67601971e-03
 0.00000000e+00 2.90060935e-03 2.01905099e-03 0.00000000e+00
 0.00000000e+00 0.00000000e+00 0.00000000e+00 0.00000000e+00
 0.00000000e+00 0.00000000e+00 0.00000000e+00 6.59752145e-04
 1.98941850e-03]
[9.70462186e-01 5.34223664e-03 0.00000000e+00 0.00000000e+00
 3.14120554e-03 0.00000000e+00 8.47699895e-03 8.26641190e-04
 0.00000000e+00 1.31948020e-03 3.93264876e-03 0.00000000e+00
 1.15193419e-03 5.60949950e-04 1.63240270e-03 1.49546936e-03
 0.00000000e+00 1.03218492e-03 0.00000000e+00 6.25661577e-04
 0.00000000e+00]
[9.69817109e-01 4.84702358e-03 4.25287663e-03 0.00000000e+00
 1.49767891e-03 0.00000000e+00 1.09840884e-02 1.44220107e-03
 0.00000000e+00 0.00000000e+00 1.59840012e-03 0.00000000e+00
 0.00000000e+00 7.01958328e-04 2.07774647e-03 0.00000000e+00
 1.06721457e-03 0.00000000e+00 0.00000000e+00 1.71370315e-03
 0.00000000e+00]
[9.72020758e-01 5.03151891e-03 1.29576610e-03 0.00000000e+00
 6.73528303e-04 0.00000000e+00 1.13257655e-02 1.69605462e-03
 0.00000000e+00 0.00000000e+00 3.58303752e-03 0.00000000e+00
 0.00000000e+00 0.00000000e+00 2.47331781e-03 0.00000000e+00
 0.00000000e+00 0.00000000e+00 0.00000000e+00 6.61561947e-04
 1.23869150e-03]
[9.62186917e-01 4.28174534e-03 7.55601853e-04 0.00000000e+00
 2.52502034e-03 0.00000000e+00 4.43199089e-03 0.00000000e+00
 1.22309277e-03 2.28550592e-03 2.19329152e-03 0.00000000e+00
 0.00000000e+00 0.00000000e+00 1.88722591e-02 0.00000000e+00
 5.53571492e-04 6.91003341e-04 0.00000000e+00 0.00000000e+00
 0.00000000e+00]
[0.97186076 0.00129316 0.         0.         0.         0.
 0.0105827  0.00290498 0.         0.         0.00233005 0.00214458
 0.         0.         0.00471818 0.         0.00133155 0.
 0.         0.         0.00283404]
[9.76049975e-01 8.72708607e-04 6.20109483e-04 0.00000000e+00
 8.00595207e-04 0.00000000e+00 7.23828524e-03 4.44794253e-03
 0.00000000e+00 5.39524781e-03 1.60885545e-03 0.00000000e+00
 1.38164725e-03 0.00000000e+00 5.22491450e-04 0.00000000e+00
 0.00000000e+00 0.00000000e+00 0.00000000e+00 1.06214214e-03
 0.00000000e+00]
[9.71755367e-01 3.59700331e-03 2.91049709e-03 0.00000000e+00
 1.62572927e-03 0.00000000e+00 7.85461912e-03 4.80089273e-03
 0.00000000e+00 1.77589648e-03 7.63754646e-04 1.45822971e-03
 0.00000000e+00 0.00000000e+00 1.68561439e-03 0.00000000e+00
 1.77239616e-03 0.00000000e+00 0.00000000e+00 0.00000000e+00
 0.00000000e+00]
[9.75735262e-01 0.00000000e+00 6.85063728e-04 0.00000000e+00
 0.00000000e+00 1.00361948e-03 2.12614655e-03 0.00000000e+00
 4.88410636e-04 2.44077896e-03 2.66960822e-03 1.64129456e-03
 0.00000000e+00 0.00000000e+00 6.61095013e-03 0.00000000e+00
 4.45952971e-03 5.45726441e-04 0.00000000e+00 6.34627574e-04
 9.58982125e-04]
[9.57806372e-01 4.73040268e-03 2.54182979e-03 5.32414714e-04
 7.81300301e-04 1.67196498e-02 9.23881913e-03 0.00000000e+00
 8.63286014e-04 0.00000000e+00 4.05800810e-03 0.00000000e+00
 0.00000000e+00 0.00000000e+00 1.52719705e-03 0.00000000e+00
 0.00000000e+00 0.00000000e+00 0.00000000e+00 0.00000000e+00
 1.20072072e-03]
[0.97741162 0.00632041 0.         0.         0.         0.
 0.00141421 0.00516561 0.00120555 0.         0.00105623 0.
 0.         0.         0.00499848 0.         0.         0.
 0.         0.00242788 0.        ]
[9.52349380e-01 4.57391421e-03 0.00000000e+00 0.00000000e+00
 0.00000000e+00 0.00000000e+00 1.04062076e-02 8.33586488e-03
 6.21338361e-04 0.00000000e+00 2.36566440e-03 0.00000000e+00
 0.00000000e+00 0.00000000e+00 2.02961269e-02 0.00000000e+00
 7.13382433e-04 3.38121094e-04 0.00000000e+00 0.00000000e+00
 0.00000000e+00]
[0.97614066 0.00455451 0.00134375 0.         0.         0.
 0.00623178 0.         0.         0.         0.0046814  0.
 0.         0.         0.00413277 0.         0.         0.
 0.         0.0010357  0.00187942]
[9.71146232e-01 1.45299729e-03 2.87856939e-03 0.00000000e+00
 0.00000000e+00 0.00000000e+00 9.99951257e-03 4.85211957e-03
 1.82625921e-03 8.36292784e-04 3.10881892e-03 0.00000000e+00
 1.74898639e-03 0.00000000e+00 7.33728667e-04 0.00000000e+00
 7.53624690e-04 0.00000000e+00 0.00000000e+00 0.00000000e+00
 6.62858748e-04]
[9.76037598e-01 4.38904455e-03 3.77797754e-03 0.00000000e+00
 1.86599298e-03 0.00000000e+00 4.92466372e-03 0.00000000e+00
 1.06546991e-03 2.44226068e-03 0.00000000e+00 9.32864469e-04
 0.00000000e+00 0.00000000e+00 2.78597131e-03 0.00000000e+00
 4.37014232e-04 0.00000000e+00 1.34114216e-03 0.00000000e+00
 0.00000000e+00]
[9.73779365e-01 8.29408080e-04 0.00000000e+00 2.96909448e-04
 7.62910856e-04 0.00000000e+00 4.68837266e-03 7.59464118e-03
 0.00000000e+00 4.53972388e-03 2.51203190e-03 0.00000000e+00
 0.00000000e+00 0.00000000e+00 2.39459902e-03 0.00000000e+00
 2.60203838e-03 0.00000000e+00 0.00000000e+00 0.00000000e+00
 0.00000000e+00]
[9.73063956e-01 4.69926956e-03 0.00000000e+00 0.00000000e+00
 7.27948918e-04 0.00000000e+00 8.97961950e-03 3.65872910e-03
 0.00000000e+00 2.38938919e-03 1.59067584e-03 0.00000000e+00
 0.00000000e+00 7.27280915e-04 1.39732173e-03 0.00000000e+00
 1.60914183e-03 0.00000000e+00 1.15666781e-03 0.00000000e+00
 0.00000000e+00]
[9.76524189e-01 1.44904796e-03 0.00000000e+00 0.00000000e+00
 6.98603063e-04 0.00000000e+00 8.00559428e-03 1.71644574e-03
 7.62461105e-04 2.36293400e-03 1.86136594e-03 0.00000000e+00
 0.00000000e+00 0.00000000e+00 3.04487916e-03 1.15326549e-03
 1.64300157e-03 0.00000000e+00 0.00000000e+00 7.78212927e-04
 0.00000000e+00]
[9.61208152e-01 4.95624477e-03 1.25245696e-03 1.66879661e-02
 2.00839869e-03 0.00000000e+00 2.40836305e-03 0.00000000e+00
 0.00000000e+00 0.00000000e+00 2.85649641e-03 0.00000000e+00
 1.21190512e-03 6.96331422e-04 0.00000000e+00 0.00000000e+00
 1.54153288e-03 7.88270362e-04 0.00000000e+00 4.38388269e-03
 0.00000000e+00]
[9.78746594e-01 3.37249799e-03 0.00000000e+00 0.00000000e+00
 7.30110908e-04 0.00000000e+00 9.97504358e-03 2.05491142e-03
 0.00000000e+00 0.00000000e+00 1.12793214e-03 1.00748032e-03
 0.00000000e+00 0.00000000e+00 1.67246297e-03 0.00000000e+00
 1.31296682e-03 0.00000000e+00 0.00000000e+00 0.00000000e+00
 0.00000000e+00]
[9.57388704e-01 4.10684161e-03 3.85796124e-03 2.88651945e-04
 2.45831223e-03 0.00000000e+00 8.68089777e-03 0.00000000e+00
 0.00000000e+00 2.35494772e-03 1.87023728e-03 0.00000000e+00
 1.42068136e-03 0.00000000e+00 6.43966134e-04 1.69287985e-02
 0.00000000e+00 0.00000000e+00 0.00000000e+00 0.00000000e+00
 0.00000000e+00]
[9.56268961e-01 4.86356487e-03 1.06527328e-03 0.00000000e+00
 0.00000000e+00 0.00000000e+00 7.75094840e-03 5.26494929e-03
 0.00000000e+00 0.00000000e+00 0.00000000e+00 0.00000000e+00
 0.00000000e+00 0.00000000e+00 4.24472296e-03 1.72970615e-02
 9.87650855e-04 5.66183774e-04 0.00000000e+00 1.69068416e-03
 0.00000000e+00]
[9.70910519e-01 4.03118488e-03 3.92776934e-03 0.00000000e+00
 3.03042598e-03 0.00000000e+00 9.07699335e-03 0.00000000e+00
 0.00000000e+00 2.39074270e-03 1.57568132e-03 0.00000000e+00
 0.00000000e+00 0.00000000e+00 1.72578689e-03 0.00000000e+00
 5.92259956e-04 8.43119155e-04 0.00000000e+00 8.70796313e-04
 1.02472099e-03]
[9.78562076e-01 7.67873840e-04 1.27799880e-03 0.00000000e+00
 1.54445374e-03 0.00000000e+00 5.67302061e-03 1.92860753e-03
 0.00000000e+00 0.00000000e+00 2.09884125e-03 0.00000000e+00
 0.00000000e+00 0.00000000e+00 4.18345202e-03 0.00000000e+00
 2.60277845e-03 0.00000000e+00 0.00000000e+00 1.36089731e-03
 0.00000000e+00]
[9.73270228e-01 2.69986346e-03 0.00000000e+00 1.53281413e-03
 7.43825704e-04 1.44882452e-03 9.78469449e-03 2.04944979e-03
 0.00000000e+00 0.00000000e+00 0.00000000e+00 0.00000000e+00
 0.00000000e+00 0.00000000e+00 6.83734601e-03 0.00000000e+00
 0.00000000e+00 0.00000000e+00 0.00000000e+00 1.63295401e-03
 0.00000000e+00]
[0.96987473 0.00128685 0.0029739  0.00140884 0.00365027 0.
 0.00795216 0.00484175 0.         0.00249204 0.         0.00171603
 0.0016698  0.         0.00213365 0.         0.         0.
 0.         0.         0.        ]
[9.53362415e-01 5.78902332e-03 2.68276582e-03 0.00000000e+00
 2.25866608e-03 0.00000000e+00 2.38605883e-03 1.21926330e-03
 0.00000000e+00 4.57741699e-03 2.43461380e-03 0.00000000e+00
 0.00000000e+00 0.00000000e+00 2.89092961e-03 1.68681835e-02
 3.49231411e-03 0.00000000e+00 0.00000000e+00 6.88411241e-04
 1.34993885e-03]
[9.77494194e-01 0.00000000e+00 2.73689279e-03 0.00000000e+00
 0.00000000e+00 0.00000000e+00 0.00000000e+00 1.59663107e-03
 0.00000000e+00 6.30512064e-03 2.64448084e-03 0.00000000e+00
 0.00000000e+00 1.09299151e-03 2.88352959e-03 0.00000000e+00
 0.00000000e+00 0.00000000e+00 2.82916487e-04 2.69202914e-03
 2.27121431e-03]
[9.51847724e-01 4.79859861e-03 2.72131518e-03 0.00000000e+00
 1.15978506e-03 1.68802794e-02 7.33643431e-03 2.22807398e-03
 0.00000000e+00 2.45562900e-03 5.09570044e-03 0.00000000e+00
 0.00000000e+00 1.02176159e-03 1.86384620e-03 0.00000000e+00
 7.42132001e-04 0.00000000e+00 0.00000000e+00 5.61059319e-04
 1.28766063e-03]
[9.72609014e-01 7.83724921e-04 2.59745222e-03 0.00000000e+00
 7.62846257e-04 0.00000000e+00 7.12900163e-03 3.09097589e-03
 0.00000000e+00 4.65451266e-03 1.60376833e-03 0.00000000e+00
 0.00000000e+00 0.00000000e+00 4.28202925e-03 0.00000000e+00
 1.04750895e-03 0.00000000e+00 0.00000000e+00 4.45422891e-04
 9.93743362e-04]
[9.85208361e-01 5.59556729e-04 5.97203049e-04 0.00000000e+00
 1.42648440e-03 0.00000000e+00 5.78212158e-04 2.97112000e-03
 6.62285158e-04 2.49520632e-03 1.64586675e-03 0.00000000e+00
 0.00000000e+00 0.00000000e+00 2.99254013e-03 0.00000000e+00
 0.00000000e+00 0.00000000e+00 0.00000000e+00 8.63164412e-04
 0.00000000e+00]
[9.75150991e-01 4.22542016e-03 3.08439436e-03 0.00000000e+00
 1.35883416e-03 0.00000000e+00 1.77209681e-03 0.00000000e+00
 8.40742516e-04 4.18830971e-03 2.47856717e-03 0.00000000e+00
 1.06490854e-03 0.00000000e+00 2.39400627e-03 0.00000000e+00
 0.00000000e+00 0.00000000e+00 0.00000000e+00 2.23507318e-03
 1.20665597e-03]
[9.73221267e-01 5.29934039e-03 6.42887112e-04 4.78029648e-04
 0.00000000e+00 0.00000000e+00 8.09223754e-03 2.23438424e-03
 6.37850746e-04 2.34149333e-03 1.87662058e-03 0.00000000e+00
 0.00000000e+00 0.00000000e+00 2.30907630e-03 0.00000000e+00
 0.00000000e+00 0.00000000e+00 0.00000000e+00 1.61919261e-03
 1.24762016e-03]
[9.71276683e-01 1.29617760e-03 4.93356158e-04 0.00000000e+00
 0.00000000e+00 0.00000000e+00 7.97937454e-03 6.03326151e-03
 0.00000000e+00 2.43614281e-03 3.82614171e-03 0.00000000e+00
 0.00000000e+00 0.00000000e+00 3.36506762e-03 0.00000000e+00
 2.70145409e-03 0.00000000e+00 0.00000000e+00 5.92341198e-04
 0.00000000e+00]
[9.68760173e-01 5.13707621e-03 2.79605381e-03 1.78171986e-03
 2.99262280e-03 0.00000000e+00 1.09651724e-02 0.00000000e+00
 0.00000000e+00 2.70559840e-03 0.00000000e+00 0.00000000e+00
 0.00000000e+00 0.00000000e+00 4.18420465e-03 0.00000000e+00
 0.00000000e+00 0.00000000e+00 0.00000000e+00 6.77379175e-04
 0.00000000e+00]
[9.69504117e-01 8.68613551e-04 2.73246540e-03 0.00000000e+00
 9.41346294e-04 0.00000000e+00 9.88014463e-03 7.12672287e-03
 9.42911764e-04 0.00000000e+00 0.00000000e+00 1.21213294e-03
 0.00000000e+00 0.00000000e+00 2.45788612e-03 4.96568042e-04
 0.00000000e+00 9.50073465e-04 0.00000000e+00 4.76290438e-04
 2.41072773e-03]
[9.71468396e-01 4.90055675e-03 2.58248330e-03 0.00000000e+00
 8.48007352e-04 0.00000000e+00 7.21392183e-03 1.23641244e-03
 0.00000000e+00 2.34999575e-03 3.48717477e-03 0.00000000e+00
 0.00000000e+00 0.00000000e+00 4.18490044e-03 0.00000000e+00
 1.72815151e-03 0.00000000e+00 0.00000000e+00 0.00000000e+00
 0.00000000e+00]
[9.73472089e-01 3.26100015e-03 2.72037447e-03 0.00000000e+00
 3.38567726e-03 0.00000000e+00 1.01355235e-02 0.00000000e+00
 0.00000000e+00 0.00000000e+00 2.46574987e-03 0.00000000e+00
 0.00000000e+00 0.00000000e+00 1.31602400e-03 0.00000000e+00
 1.45701892e-03 6.44258352e-04 0.00000000e+00 0.00000000e+00
 1.14228416e-03]
[9.77170822e-01 3.77198611e-03 0.00000000e+00 0.00000000e+00
 7.14917809e-04 0.00000000e+00 1.04402891e-02 2.20050998e-03
 0.00000000e+00 0.00000000e+00 0.00000000e+00 0.00000000e+00
 0.00000000e+00 0.00000000e+00 3.08542104e-03 0.00000000e+00
 1.85719124e-03 0.00000000e+00 0.00000000e+00 7.58863047e-04
 0.00000000e+00]
[9.72329041e-01 4.06983427e-03 3.81261588e-03 0.00000000e+00
 2.67901049e-03 0.00000000e+00 2.59980572e-03 1.39779256e-03
 1.29644242e-03 3.84024829e-03 1.72376326e-03 1.27682438e-03
 1.58821338e-03 0.00000000e+00 2.35398884e-03 5.85046523e-04
 0.00000000e+00 0.00000000e+00 0.00000000e+00 4.47372945e-04
 0.00000000e+00]
[9.52385522e-01 4.17682044e-03 3.77396778e-03 0.00000000e+00
 4.35759127e-03 0.00000000e+00 1.07389378e-02 0.00000000e+00
 9.33886262e-04 0.00000000e+00 1.94492328e-03 1.01935559e-03
 0.00000000e+00 0.00000000e+00 1.87075279e-02 6.12542455e-04
 4.21130825e-04 9.27794282e-04 0.00000000e+00 0.00000000e+00
 0.00000000e+00]
[9.73976770e-01 1.42922606e-03 4.25450773e-03 0.00000000e+00
 2.27160531e-03 1.37913199e-03 2.19926617e-03 1.55156275e-03
 1.84907686e-03 2.39727458e-03 0.00000000e+00 1.01316032e-03
 2.26915595e-03 0.00000000e+00 0.00000000e+00 0.00000000e+00
 0.00000000e+00 3.82592586e-03 0.00000000e+00 5.16309255e-04
 1.06702751e-03]
[9.77436477e-01 0.00000000e+00 0.00000000e+00 0.00000000e+00
 0.00000000e+00 0.00000000e+00 2.12577717e-03 5.32813425e-03
 7.99709433e-04 2.52085645e-03 5.10609784e-03 0.00000000e+00
 0.00000000e+00 0.00000000e+00 3.03599301e-03 0.00000000e+00
 2.21071539e-03 3.34288827e-04 0.00000000e+00 0.00000000e+00
 1.10195065e-03]
[0.97392727 0.00316089 0.00337768 0.         0.00147724 0.
 0.00479576 0.0052473  0.         0.         0.         0.
 0.         0.         0.00476927 0.         0.00208471 0.
 0.         0.         0.00115988]
[9.68582101e-01 5.95963065e-03 2.85826388e-03 0.00000000e+00
 3.02860022e-03 0.00000000e+00 1.06730975e-02 1.13328603e-03
 6.85496782e-04 0.00000000e+00 2.19043822e-03 0.00000000e+00
 0.00000000e+00 6.51186476e-04 4.23789882e-03 0.00000000e+00
 0.00000000e+00 0.00000000e+00 0.00000000e+00 0.00000000e+00
 0.00000000e+00]
[9.70226688e-01 2.30883260e-03 1.17887047e-03 0.00000000e+00
 2.41687581e-03 0.00000000e+00 6.45401631e-03 4.52404710e-03
 0.00000000e+00 0.00000000e+00 2.87806767e-03 0.00000000e+00
 0.00000000e+00 0.00000000e+00 5.46758653e-03 0.00000000e+00
 3.77690811e-03 0.00000000e+00 0.00000000e+00 0.00000000e+00
 7.68107098e-04]
[9.70583453e-01 1.17857326e-03 2.88641504e-03 0.00000000e+00
 4.12527352e-03 0.00000000e+00 8.03373472e-03 1.42445643e-03
 9.51410925e-04 2.39744054e-03 3.12446656e-03 0.00000000e+00
 0.00000000e+00 0.00000000e+00 4.75989346e-03 0.00000000e+00
 5.34882481e-04 0.00000000e+00 0.00000000e+00 0.00000000e+00
 0.00000000e+00]
[9.71569217e-01 5.58312579e-03 2.69715023e-03 0.00000000e+00
 1.94718071e-03 0.00000000e+00 4.77736170e-03 4.93979258e-03
 1.73814454e-03 2.48028825e-03 0.00000000e+00 0.00000000e+00
 0.00000000e+00 0.00000000e+00 2.03456558e-03 0.00000000e+00
 0.00000000e+00 1.52761010e-03 0.00000000e+00 7.05563786e-04
 0.00000000e+00]
[9.59536781e-01 3.84101021e-03 0.00000000e+00 0.00000000e+00
 0.00000000e+00 1.65805001e-02 4.24321437e-03 4.12850733e-03
 5.43138662e-04 2.29291056e-03 1.51941408e-03 5.49611232e-04
 0.00000000e+00 0.00000000e+00 1.33737689e-03 0.00000000e+00
 1.52604466e-03 0.00000000e+00 0.00000000e+00 1.89792062e-03
 2.00357042e-03]
[9.69579963e-01 4.44941274e-03 6.02930955e-04 0.00000000e+00
 4.95430529e-04 0.00000000e+00 9.71897840e-03 1.91607688e-03
 3.94366498e-03 0.00000000e+00 0.00000000e+00 0.00000000e+00
 0.00000000e+00 0.00000000e+00 4.11765162e-03 1.61029912e-03
 0.00000000e+00 3.56559139e-03 0.00000000e+00 0.00000000e+00
 0.00000000e+00]
[9.64536870e-01 4.23170014e-03 2.67925371e-03 0.00000000e+00
 7.90526032e-04 0.00000000e+00 8.73434398e-03 0.00000000e+00
 1.78331546e-03 8.86249493e-03 4.10092962e-04 1.33386185e-03
 0.00000000e+00 0.00000000e+00 1.50505853e-03 0.00000000e+00
 0.00000000e+00 1.44038700e-03 0.00000000e+00 1.10443867e-03
 2.58765693e-03]
[0.9722818  0.0014007  0.00366029 0.         0.00250405 0.
 0.00507435 0.0016868  0.         0.00385222 0.00425447 0.
 0.         0.         0.         0.         0.00124943 0.
 0.00150981 0.         0.00252608]
[9.54520163e-01 4.18875931e-03 3.87559123e-03 0.00000000e+00
 0.00000000e+00 1.64321785e-02 6.26876757e-03 3.98848512e-03
 9.88785650e-04 0.00000000e+00 1.40082638e-03 8.79258257e-04
 1.14909883e-03 0.00000000e+00 3.52789614e-03 9.08013542e-04
 8.44739436e-04 0.00000000e+00 0.00000000e+00 0.00000000e+00
 1.02743702e-03]
[9.55706418e-01 4.00777725e-03 2.77093906e-03 1.72883845e-02
 6.74013527e-04 0.00000000e+00 2.59986212e-03 6.37008075e-03
 0.00000000e+00 0.00000000e+00 3.84012012e-03 0.00000000e+00
 0.00000000e+00 0.00000000e+00 1.98032527e-03 0.00000000e+00
 1.23497885e-03 0.00000000e+00 0.00000000e+00 2.18706260e-03
 1.34003781e-03]
[9.66035340e-01 4.98820004e-03 7.67087889e-04 0.00000000e+00
 5.63680633e-04 0.00000000e+00 7.54529486e-03 0.00000000e+00
 0.00000000e+00 8.53565951e-03 2.09280314e-03 0.00000000e+00
 0.00000000e+00 0.00000000e+00 4.23284421e-03 0.00000000e+00
 1.01697061e-03 0.00000000e+00 4.22211903e-03 0.00000000e+00
 0.00000000e+00]
[9.65316082e-01 5.23503176e-03 5.63039162e-03 0.00000000e+00
 6.02632527e-04 0.00000000e+00 7.47847210e-03 5.09714002e-03
 0.00000000e+00 2.41978455e-03 0.00000000e+00 1.13703275e-03
 0.00000000e+00 0.00000000e+00 2.89916117e-03 5.48566893e-04
 1.32713203e-03 2.30857226e-03 0.00000000e+00 0.00000000e+00
 0.00000000e+00]
[9.69521675e-01 6.19688069e-03 2.62277481e-03 0.00000000e+00
 2.45424998e-03 0.00000000e+00 1.00338850e-02 0.00000000e+00
 0.00000000e+00 1.47766761e-03 0.00000000e+00 0.00000000e+00
 0.00000000e+00 0.00000000e+00 3.76095442e-03 0.00000000e+00
